Manual:4.96:1;3,-12,4.96;:2~1,3,-31.25,-11.96,282.88,90.00,4.96;~0;~3,1,4.06,21.85,66.41,270.00,0.96;~0;~:4;-4,14,4.96;-14,14,4.96;-16,11,4.96;-14,-6,4.96;:3;20.13,0.00:2,-34.20,-10.83,1.07,249.06,2.94,0.24:7;-34.35,-10.84;-34.34,-10.67;-34.19,-9.93;-33.98,-9.16;-33.72,-8.17;-33.41,-7.02;-33.07,-5.79;:0:2:15:10:
Manual:5.88:1;3,-12,5.88;:2~2,3,-33.97,-9.11,284.72,90.06,3.86;~2;-33.41,-7.02;-33.07,-5.79;~3,1,3.14,19.74,66.41,270.00,1.88;~0;~:4;-4,14,5.88;-14,14,5.88;-16,11,5.88;-14,-6,5.88;:3;20.13,0.00:1,-30.97,-10.74,65.22,256.12,5.88,0.42:13;-30.97,-10.74;-30.87,-10.78;-30.71,-10.84;-30.48,-10.95;-29.68,-11.33;-29.10,-11.58;-28.44,-11.84;-27.73,-12.12;-26.23,-12.65;-25.52,-12.89;-24.86,-13.10;-24.27,-13.29;-23.75,-13.45;:0:2:15:10:
Spawn:4,6.01
Manual:7.80:1;3,-12,7.80;:3~2,3,-32.77,-4.68,285.34,90.00,5.78;~0;~3,1,1.22,15.34,66.41,270.00,3.80;~0;~4,1,-33.64,-19.62,274.75,90.00,1.79;~0;~:4;-4,14,7.80;-14,14,7.80;-16,11,7.80;-14,-6,7.80;:3;20.13,0.00:1,-29.06,-11.60,337.43,269.95,7.80,0.91:40;-29.13,-11.56;-28.92,-11.65;-28.62,-11.75;-28.16,-11.89;-27.51,-12.07;-26.63,-12.26;-25.34,-12.47;-23.70,-12.68;-21.72,-12.86;-19.48,-13.00;-17.04,-13.06;-14.36,-12.97;-11.56,-12.75;-8.73,-12.41;-5.97,-11.96;-3.32,-11.42;-0.80,-10.77;1.54,-10.05;3.68,-9.30;5.60,-8.54;7.31,-7.78;8.84,-7.03;10.19,-6.31;11.37,-5.62;12.40,-4.98;13.32,-4.37;14.15,-3.78;14.91,-3.22;15.63,-2.69;16.32,-2.18;17.04,-1.67;17.75,-1.19;18.43,-0.73;19.05,-0.33;19.60,0.03;20.09,0.34;20.50,0.60;20.84,0.81;21.11,0.98;21.33,1.11;:0:2:15:10:
Spawn:5,8.00
NFZEnter:3,8.17
Destination:3,9.25
Manual:9.70:1;3,-12,9.70;:3~1,3,-25.14,-12.49,7.55,90.00,9.70;~32;-21.72,-12.86;-19.48,-13.00;-17.04,-13.06;-14.36,-12.97;-11.56,-12.75;-8.73,-12.41;-5.97,-11.96;-3.32,-11.42;-0.80,-10.77;1.54,-10.05;3.68,-9.30;5.60,-8.54;7.31,-7.78;8.84,-7.03;10.19,-6.31;11.37,-5.62;12.40,-4.98;13.32,-4.37;14.15,-3.78;14.91,-3.22;15.63,-2.69;16.32,-2.18;17.04,-1.67;17.75,-1.19;18.43,-0.73;19.05,-0.33;19.60,0.03;20.09,0.34;20.50,0.60;20.84,0.81;21.11,0.98;21.33,1.11;~2,3,-31.51,-0.10,285.34,90.00,7.68;~0;~5,1,37.12,12.39,22.50,270.00,1.69;~0;~:4;-4,14,9.70;-14,14,9.70;-16,11,9.70;-14,-6,9.70;:1;0.00,8.41:4,-33.28,-16.93,316.25,90.64,3.68,0.87:29;-33.18,-16.84;-32.93,-16.60;-32.51,-16.18;-31.67,-15.40;-30.45,-14.30;-28.93,-12.95;-27.20,-11.43;-25.35,-9.82;-23.37,-8.14;-21.38,-6.49;-19.44,-4.90;-17.58,-3.42;-15.85,-2.06;-14.22,-0.82;-12.73,0.28;-11.40,1.25;-10.22,2.07;-6.10,4.80;-5.72,5.05;-5.36,5.29;-5.02,5.51;-4.71,5.72;-4.44,5.90;-4.20,6.07;-3.99,6.21;-3.36,6.68;-3.09,6.88;-2.96,6.98;-2.83,7.08;:80:2:15:10:
Spawn:6,10.00
Manual:11.24:2;3,-12,11.24;-13,12,1.24;:4~1,3,-21.47,-12.88,3.99,90.00,11.24;~30;-17.04,-13.06;-14.36,-12.97;-11.56,-12.75;-8.73,-12.41;-5.97,-11.96;-3.32,-11.42;-0.80,-10.77;1.54,-10.05;3.68,-9.30;5.60,-8.54;7.31,-7.78;8.84,-7.03;10.19,-6.31;11.37,-5.62;12.40,-4.98;13.32,-4.37;14.15,-3.78;14.91,-3.22;15.63,-2.69;16.32,-2.18;17.04,-1.67;17.75,-1.19;18.43,-0.73;19.05,-0.33;19.60,0.03;20.09,0.34;20.50,0.60;20.84,0.81;21.11,0.98;21.33,1.11;~4,1,-30.70,-14.53,317.84,90.00,5.23;~24;-28.93,-12.95;-27.20,-11.43;-25.35,-9.82;-23.37,-8.14;-21.38,-6.49;-19.44,-4.90;-17.58,-3.42;-15.85,-2.06;-14.22,-0.82;-12.73,0.28;-11.40,1.25;-10.22,2.07;-6.10,4.80;-5.72,5.05;-5.36,5.29;-5.02,5.51;-4.71,5.72;-4.44,5.90;-4.20,6.07;-3.99,6.21;-3.36,6.68;-3.09,6.88;-2.96,6.98;-2.83,7.08;~5,1,33.56,10.92,22.50,270.00,3.24;~0;~6,4,5.27,-21.49,304.45,270.00,1.24;~0;~:4;-4,14,11.24;-14,14,11.24;-16,11,11.24;-14,-6,11.24;:3;20.13,0.00:2,-31.06,1.54,74.61,269.94,9.22,0.89:40;-31.09,1.45;-30.94,1.46;-30.69,1.49;-30.28,1.52;-29.66,1.56;-28.79,1.61;-27.47,1.66;-25.80,1.70;-23.86,1.75;-21.74,1.78;-19.49,1.80;-17.11,1.79;-14.70,1.76;-12.30,1.71;-9.98,1.64;-7.75,1.55;-5.61,1.45;-3.57,1.34;-1.66,1.23;0.14,1.12;1.83,1.02;3.49,0.92;5.12,0.84;6.71,0.79;8.29,0.76;9.88,0.75;11.45,0.76;12.94,0.78;14.33,0.81;15.60,0.84;16.72,0.87;17.69,0.91;18.51,0.94;19.19,0.98;19.73,1.00;20.16,1.02;20.49,1.03;20.76,1.06;20.96,1.08;21.08,1.11;:80:2:15:10:
Spawn:7,12.01
