Auto:4.01:1;8,-10,4.01;:2~2,1,-36.51,14.92,24.84,90.00,2.01;~0;~0,1,22.00,24.00,0.00,0.00,4.01;~0;~:4;-11,0,4.01;-21,15,4.01;-11,-2,4.01;-8,19,4.01;:3;20.13,0.00:1,31.39,-6.42,345.00,270.00,4.01,0.00:50;31.40,-6.46;31.40,-6.41;31.41,-6.36;31.42,-6.25;31.43,-6.13;31.44,-5.98;31.44,-5.80;31.44,-5.60;31.43,-5.37;31.41,-5.14;31.38,-4.87;31.35,-4.60;31.29,-4.32;31.22,-4.04;31.13,-3.75;31.02,-3.45;30.90,-3.17;30.74,-2.88;30.57,-2.61;30.37,-2.35;30.16,-2.10;29.93,-1.88;29.70,-1.66;29.44,-1.46;29.18,-1.28;28.92,-1.12;28.64,-0.97;28.36,-0.84;28.08,-0.73;27.80,-0.62;27.52,-0.54;27.23,-0.46;26.95,-0.40;26.67,-0.34;26.40,-0.30;26.13,-0.26;25.86,-0.23;25.61,-0.21;25.35,-0.19;25.10,-0.19;24.86,-0.18;24.63,-0.17;24.39,-0.17;24.17,-0.17;23.96,-0.18;23.76,-0.18;23.57,-0.18;23.38,-0.19;23.21,-0.19;23.04,-0.20;:0:2:15:10:
Spawn:3,4.01
Auto:6.01:1;8,-10,6.01;:3~1,3,30.85,-3.08,295.88,270.00,6.01;~32;30.57,-2.61;30.37,-2.35;30.16,-2.10;29.93,-1.88;29.70,-1.66;29.44,-1.46;29.18,-1.28;28.92,-1.12;28.64,-0.97;28.36,-0.84;28.08,-0.73;27.80,-0.62;27.52,-0.54;27.23,-0.46;26.95,-0.40;26.67,-0.34;26.40,-0.30;26.13,-0.26;25.86,-0.23;25.61,-0.21;25.35,-0.19;25.10,-0.19;24.86,-0.18;24.63,-0.17;24.39,-0.17;24.17,-0.17;23.96,-0.18;23.76,-0.18;23.57,-0.18;23.38,-0.19;23.21,-0.19;23.04,-0.20;~3,1,18.25,20.77,40.66,270.00,2.00;~0;~0,2,29.00,-24.00,0.00,0.00,6.01;~0;~:4;-11,0,6.01;-21,15,6.01;-11,-2,6.01;-8,19,6.01;:1;0.00,8.41:2,-31.97,12.82,24.84,90.00,4.00,0.00:50;-32.04,12.84;-31.90,12.86;-31.77,12.88;-31.64,12.90;-31.46,12.92;-31.28,12.94;-31.10,12.96;-30.84,12.98;-30.57,13.00;-30.31,13.01;-29.96,13.02;-29.59,13.02;-29.22,13.02;-28.79,13.00;-28.34,12.98;-27.88,12.96;-27.37,12.93;-26.82,12.89;-26.28,12.85;-25.67,12.79;-25.01,12.71;-24.36,12.64;-23.67,12.55;-22.95,12.44;-22.24,12.34;-21.48,12.22;-20.69,12.08;-19.89,11.95;-19.08,11.80;-18.23,11.64;-17.39,11.48;-16.54,11.31;-15.66,11.14;-14.79,10.97;-13.91,10.79;-13.03,10.61;-12.14,10.43;-11.26,10.25;-10.38,10.08;-9.51,9.91;-8.64,9.73;-7.80,9.57;-6.97,9.41;-6.13,9.25;-5.35,9.11;-4.56,8.96;-3.78,8.82;-3.07,8.70;-2.35,8.59;-1.63,8.48;:0:2:15:10:
Spawn:4,6.01
Spawn:5,8.00
Auto:8.02:1;8,-10,8.02;:4~1,3,27.80,-0.62,338.34,270.00,8.02;~19;27.23,-0.46;26.95,-0.40;26.67,-0.34;26.40,-0.30;26.13,-0.26;25.86,-0.23;25.61,-0.21;25.35,-0.19;25.10,-0.19;24.86,-0.18;24.63,-0.17;24.39,-0.17;24.17,-0.17;23.96,-0.18;23.76,-0.18;23.57,-0.18;23.38,-0.19;23.21,-0.19;23.04,-0.20;~2,1,-28.34,12.98,2.45,90.00,6.02;~35;-27.88,12.96;-27.37,12.93;-26.82,12.89;-26.28,12.85;-25.67,12.79;-25.01,12.71;-24.36,12.64;-23.67,12.55;-22.95,12.44;-22.24,12.34;-21.48,12.22;-20.69,12.08;-19.89,11.95;-19.08,11.80;-18.23,11.64;-17.39,11.48;-16.54,11.31;-15.66,11.14;-14.79,10.97;-13.91,10.79;-13.03,10.61;-12.14,10.43;-11.26,10.25;-10.38,10.08;-9.51,9.91;-8.64,9.73;-7.80,9.57;-6.97,9.41;-6.13,9.25;-5.35,9.11;-4.56,8.96;-3.78,8.82;-3.07,8.70;-2.35,8.59;-1.63,8.48;~4,2,25.51,-20.42,314.34,270.00,2.02;~0;~5,2,-41.00,-19.00,358.59,5.51,0.02;~0;~:4;-11,0,8.02;-21,15,8.02;-11,-2,8.02;-8,19,8.02;:1;0.00,8.41:3,14.41,17.48,40.66,270.00,4.01,0.00:50;14.40,17.53;14.32,17.54;14.24,17.54;14.15,17.54;14.02,17.53;13.85,17.52;13.65,17.50;13.43,17.47;13.16,17.42;12.85,17.36;12.51,17.28;12.14,17.18;11.75,17.06;11.33,16.94;10.90,16.80;10.44,16.64;9.99,16.46;9.53,16.28;9.08,16.08;8.63,15.86;8.18,15.62;7.74,15.39;7.32,15.14;6.91,14.89;6.52,14.64;6.14,14.40;5.79,14.14;5.45,13.88;5.12,13.62;4.81,13.35;4.52,13.09;4.25,12.82;3.98,12.56;3.73,12.30;3.50,12.04;3.27,11.78;3.05,11.53;2.84,11.29;2.64,11.05;2.44,10.81;2.25,10.58;2.07,10.35;1.89,10.13;1.72,9.91;1.55,9.70;1.39,9.51;1.24,9.32;1.09,9.15;0.96,8.98;0.84,8.83;:0:2:15:10:
NFZEnter:2,9.18
Auto:10.01:2;8,-10,10.01;25,-6,10.01;:5~1,3,23.96,-0.18,0.55,270.00,10.01;~4;23.57,-0.18;23.38,-0.19;23.21,-0.19;23.04,-0.20;~2,1,-24.06,12.60,7.22,90.00,8.01;~27;-22.95,12.44;-22.24,12.34;-21.48,12.22;-20.69,12.08;-19.89,11.95;-19.08,11.80;-18.23,11.64;-17.39,11.48;-16.54,11.31;-15.66,11.14;-14.79,10.97;-13.91,10.79;-13.03,10.61;-12.14,10.43;-11.26,10.25;-10.38,10.08;-9.51,9.91;-8.64,9.73;-7.80,9.57;-6.97,9.41;-6.13,9.25;-5.35,9.11;-4.56,8.96;-3.78,8.82;-3.07,8.70;-2.35,8.59;-1.63,8.48;~3,1,10.80,16.76,18.50,270.00,6.00;~34;9.99,16.46;9.53,16.28;9.08,16.08;8.63,15.86;8.18,15.62;7.74,15.39;7.32,15.14;6.91,14.89;6.52,14.64;6.14,14.40;5.79,14.14;5.45,13.88;5.12,13.62;4.81,13.35;4.52,13.09;4.25,12.82;3.98,12.56;3.73,12.30;3.50,12.04;3.27,11.78;3.05,11.53;2.84,11.29;2.64,11.05;2.44,10.81;2.25,10.58;2.07,10.35;1.89,10.13;1.72,9.91;1.55,9.70;1.39,9.51;1.24,9.32;1.09,9.15;0.96,8.98;0.84,8.83;~5,2,-36.45,-17.06,336.91,90.00,2.01;~0;~0,3,-6.00,24.00,0.00,0.00,10.01;~0;~:4;-11,0,10.01;-21,15,10.01;-11,-2,10.01;-8,19,10.01;:2;-20.98,0.00:4,22.05,-16.88,314.34,270.00,4.00,0.00:50;21.86,-17.51;21.23,-19.18;19.54,-23.61;17.87,-27.71;15.74,-32.79;13.16,-38.70;10.27,-45.19;7.23,-51.81;4.12,-58.40;1.01,-64.76;-2.02,-70.78;-4.92,-76.29;-7.56,-81.06;-9.90,-85.11;-11.95,-88.36;-13.73,-90.95;-15.29,-92.96;-16.67,-94.40;-17.89,-95.36;-18.92,-95.83;-19.82,-95.87;-20.56,-95.41;-21.16,-94.63;-21.62,-93.48;-21.96,-92.07;-22.22,-90.44;-22.36,-88.51;-22.41,-86.37;-22.41,-84.03;-22.34,-81.47;-22.19,-78.66;-21.99,-75.57;-21.72,-72.15;-21.39,-68.31;-21.02,-64.12;-20.56,-59.58;-20.06,-54.77;-19.54,-49.67;-19.02,-44.34;-18.45,-38.82;-17.91,-33.26;-17.37,-27.70;-16.85,-22.23;-16.39,-17.02;-15.98,-12.08;-15.58,-7.55;-15.22,-3.41;-14.89,0.27;-14.60,3.45;-14.35,6.20;:-20:2:15:10:
Spawn:6,10.01
NFZEnter:6,10.10
Auto:10.42:2;8,-10,10.42;25,-6,0.41;:5~2,1,-23.08,12.46,8.27,90.00,8.42;~26;-22.24,12.34;-21.48,12.22;-20.69,12.08;-19.89,11.95;-19.08,11.80;-18.23,11.64;-17.39,11.48;-16.54,11.31;-15.66,11.14;-14.79,10.97;-13.91,10.79;-13.03,10.61;-12.14,10.43;-11.26,10.25;-10.38,10.08;-9.51,9.91;-8.64,9.73;-7.80,9.57;-6.97,9.41;-6.13,9.25;-5.35,9.11;-4.56,8.96;-3.78,8.82;-3.07,8.70;-2.35,8.59;-1.63,8.48;~3,1,9.94,16.45,20.99,270.00,6.41;~32;9.08,16.08;8.63,15.86;8.18,15.62;7.74,15.39;7.32,15.14;6.91,14.89;6.52,14.64;6.14,14.40;5.79,14.14;5.45,13.88;5.12,13.62;4.81,13.35;4.52,13.09;4.25,12.82;3.98,12.56;3.73,12.30;3.50,12.04;3.27,11.78;3.05,11.53;2.84,11.29;2.64,11.05;2.44,10.81;2.25,10.58;2.07,10.35;1.89,10.13;1.72,9.91;1.55,9.70;1.39,9.51;1.24,9.32;1.09,9.15;0.96,8.98;0.84,8.83;~4,2,21.79,-17.70,69.55,270.00,4.42;~48;19.54,-23.61;17.87,-27.71;15.74,-32.79;13.16,-38.70;10.27,-45.19;7.23,-51.81;4.12,-58.40;1.01,-64.76;-2.02,-70.78;-4.92,-76.29;-7.56,-81.06;-9.90,-85.11;-11.95,-88.36;-13.73,-90.95;-15.29,-92.96;-16.67,-94.40;-17.89,-95.36;-18.92,-95.83;-19.82,-95.87;-20.56,-95.41;-21.16,-94.63;-21.62,-93.48;-21.96,-92.07;-22.22,-90.44;-22.36,-88.51;-22.41,-86.37;-22.41,-84.03;-22.34,-81.47;-22.19,-78.66;-21.99,-75.57;-21.72,-72.15;-21.39,-68.31;-21.02,-64.12;-20.56,-59.58;-20.06,-54.77;-19.54,-49.67;-19.02,-44.34;-18.45,-38.82;-17.91,-33.26;-17.37,-27.70;-16.85,-22.23;-16.39,-17.02;-15.98,-12.08;-15.58,-7.55;-15.22,-3.41;-14.89,0.27;-14.60,3.45;-14.35,6.20;~5,2,-35.48,-16.65,336.91,90.00,2.42;~0;~6,3,-6.38,23.08,66.08,271.80,0.41;~0;~:4;-11,0,10.42;-21,15,10.42;-11,-2,10.42;-8,19,10.42;:3;20.13,0.00:1,23.21,-0.19,2.03,270.00,10.42,0.00:50;23.21,-0.19;23.20,-0.20;23.20,-0.20;23.19,-0.20;23.18,-0.20;23.16,-0.20;23.15,-0.20;23.13,-0.20;23.11,-0.20;23.08,-0.19;23.05,-0.19;23.02,-0.18;22.98,-0.18;22.94,-0.17;22.90,-0.16;22.85,-0.15;22.79,-0.13;22.73,-0.12;22.67,-0.10;22.61,-0.07;22.54,-0.05;22.46,-0.02;22.39,0.01;22.31,0.04;22.23,0.07;22.15,0.10;22.06,0.13;21.98,0.16;21.89,0.19;21.80,0.22;21.71,0.25;21.62,0.28;21.53,0.30;21.44,0.32;21.35,0.34;21.26,0.35;21.17,0.36;21.08,0.37;20.99,0.38;20.91,0.38;20.83,0.39;20.75,0.38;20.67,0.38;20.60,0.38;20.53,0.37;20.47,0.36;20.41,0.35;20.35,0.33;20.30,0.32;20.25,0.31;:-30:2:15:10:
Destination:1,10.90
Auto:12.01:2;8,-10,12.01;25,-6,2.00;:5~2,1,-19.60,11.89,10.07,90.00,10.01;~21;-18.23,11.64;-17.39,11.48;-16.54,11.31;-15.66,11.14;-14.79,10.97;-13.91,10.79;-13.03,10.61;-12.14,10.43;-11.26,10.25;-10.38,10.08;-9.51,9.91;-8.64,9.73;-7.80,9.57;-6.97,9.41;-6.13,9.25;-5.35,9.11;-4.56,8.96;-3.78,8.82;-3.07,8.70;-2.35,8.59;-1.63,8.48;~3,1,6.91,14.89,31.53,270.00,8.01;~25;6.14,14.40;5.79,14.14;5.45,13.88;5.12,13.62;4.81,13.35;4.52,13.09;4.25,12.82;3.98,12.56;3.73,12.30;3.50,12.04;3.27,11.78;3.05,11.53;2.84,11.29;2.64,11.05;2.44,10.81;2.25,10.58;2.07,10.35;1.89,10.13;1.72,9.91;1.55,9.70;1.39,9.51;1.24,9.32;1.09,9.15;0.96,8.98;0.84,8.83;~4,2,20.41,-21.33,69.07,270.00,6.01;~47;17.87,-27.71;15.74,-32.79;13.16,-38.70;10.27,-45.19;7.23,-51.81;4.12,-58.40;1.01,-64.76;-2.02,-70.78;-4.92,-76.29;-7.56,-81.06;-9.90,-85.11;-11.95,-88.36;-13.73,-90.95;-15.29,-92.96;-16.67,-94.40;-17.89,-95.36;-18.92,-95.83;-19.82,-95.87;-20.56,-95.41;-21.16,-94.63;-21.62,-93.48;-21.96,-92.07;-22.22,-90.44;-22.36,-88.51;-22.41,-86.37;-22.41,-84.03;-22.34,-81.47;-22.19,-78.66;-21.99,-75.57;-21.72,-72.15;-21.39,-68.31;-21.02,-64.12;-20.56,-59.58;-20.06,-54.77;-19.54,-49.67;-19.02,-44.34;-18.45,-38.82;-17.91,-33.26;-17.37,-27.70;-16.85,-22.23;-16.39,-17.02;-15.98,-12.08;-15.58,-7.55;-15.22,-3.41;-14.89,0.27;-14.60,3.45;-14.35,6.20;~6,3,-7.90,19.43,67.42,270.00,2.00;~0;~0,1,22.00,-24.00,0.00,0.00,12.01;~0;~:4;-11,0,12.01;-21,15,12.01;-11,-2,12.01;-8,19,12.01;:2;-20.98,0.00:5,-31.85,-15.10,336.91,90.00,4.01,0.00:50;-32.01,-14.93;-31.98,-14.86;-31.94,-14.79;-31.90,-14.71;-31.87,-14.64;-31.83,-14.57;-31.79,-14.49;-31.75,-14.40;-31.71,-14.30;-31.66,-14.20;-31.62,-14.11;-31.58,-14.01;-31.53,-13.91;-31.47,-13.77;-31.40,-13.62;-31.33,-13.47;-31.26,-13.32;-31.19,-13.16;-31.13,-13.01;-31.04,-12.82;-30.94,-12.62;-30.84,-12.41;-30.74,-12.20;-30.64,-11.99;-30.55,-11.79;-30.44,-11.56;-30.31,-11.32;-30.19,-11.07;-30.07,-10.83;-29.95,-10.58;-29.83,-10.34;-29.70,-10.08;-29.56,-9.80;-29.42,-9.52;-29.28,-9.23;-29.14,-8.95;-29.00,-8.67;-28.85,-8.38;-28.70,-8.07;-28.55,-7.76;-28.39,-7.45;-28.24,-7.14;-28.09,-6.82;-27.93,-6.51;-27.78,-6.19;-27.62,-5.87;-27.46,-5.56;-27.30,-5.24;-27.14,-4.92;-26.98,-4.60;:40:2:15:10:
Spawn:7,12.01
Collision:7,12.10
Collision:4,12.10
NFZExit:2,13.54
Auto:14.01:2;8,-10,14.01;25,-6,4.00;:4~2,1,-15.07,11.02,11.23,90.00,12.01;~16;-13.91,10.79;-13.03,10.61;-12.14,10.43;-11.26,10.25;-10.38,10.08;-9.51,9.91;-8.64,9.73;-7.80,9.57;-6.97,9.41;-6.13,9.25;-5.35,9.11;-4.56,8.96;-3.78,8.82;-3.07,8.70;-2.35,8.59;-1.63,8.48;~3,1,3.63,12.19,46.80,270.00,10.00;~15;3.27,11.78;3.05,11.53;2.84,11.29;2.64,11.05;2.44,10.81;2.25,10.58;2.07,10.35;1.89,10.13;1.72,9.91;1.55,9.70;1.39,9.51;1.24,9.32;1.09,9.15;0.96,8.98;0.84,8.83;~5,2,-30.82,-12.36,295.38,90.00,6.01;~27;-30.64,-11.99;-30.55,-11.79;-30.44,-11.56;-30.31,-11.32;-30.19,-11.07;-30.07,-10.83;-29.95,-10.58;-29.83,-10.34;-29.70,-10.08;-29.56,-9.80;-29.42,-9.52;-29.28,-9.23;-29.14,-8.95;-29.00,-8.67;-28.85,-8.38;-28.70,-8.07;-28.55,-7.76;-28.39,-7.45;-28.24,-7.14;-28.09,-6.82;-27.93,-6.51;-27.78,-6.19;-27.62,-5.87;-27.46,-5.56;-27.30,-5.24;-27.14,-4.92;-26.98,-4.60;~0,1,-41.00,1.00,0.00,0.00,14.01;~0;~:4;-11,0,14.01;-21,15,14.01;-11,-2,14.01;-8,19,14.01;:3;20.13,0.00:6,-9.82,14.81,67.42,270.00,4.00,0.00:50;-9.82,14.81;-9.57,15.07;-9.35,15.27;-9.04,15.52;-8.63,15.81;-8.12,16.11;-7.53,16.42;-6.84,16.73;-6.06,17.01;-5.19,17.24;-4.25,17.42;-3.24,17.57;-2.20,17.62;-1.11,17.61;-0.02,17.53;1.08,17.37;2.17,17.15;3.26,16.83;4.34,16.44;5.39,16.00;6.41,15.48;7.40,14.89;8.36,14.22;9.27,13.47;10.14,12.65;10.97,11.80;11.75,10.91;12.48,10.02;13.15,9.14;13.76,8.26;14.33,7.41;14.86,6.59;15.34,5.79;15.78,5.01;16.18,4.26;16.54,3.55;16.87,2.89;17.17,2.27;17.41,1.70;17.63,1.20;17.82,0.74;17.99,0.34;18.13,-0.01;18.25,-0.31;18.34,-0.56;18.42,-0.77;18.48,-0.95;18.53,-1.08;18.58,-1.19;18.64,-1.35;:-200:2:15:10:
Spawn:8,14.01
Destination:3,14.80
NFZExit:6,15.02
Spawn:9,16.00
Spawn:10,18.01
NFZEnter:10,18.02
Auto:18.02:2;8,-10,18.02;25,-6,8.01;:5~2,1,-6.03,9.23,10.73,90.00,16.02;~5;-4.56,8.96;-3.78,8.82;-3.07,8.70;-2.35,8.59;-1.63,8.48;~5,2,-27.23,-5.10,296.49,90.00,10.02;~1;-26.98,-4.60;~6,3,-1.60,17.61,0.22,90.00,8.01;~36;-0.02,17.53;1.08,17.37;2.17,17.15;3.26,16.83;4.34,16.44;5.39,16.00;6.41,15.48;7.40,14.89;8.36,14.22;9.27,13.47;10.14,12.65;10.97,11.80;11.75,10.91;12.48,10.02;13.15,9.14;13.76,8.26;14.33,7.41;14.86,6.59;15.34,5.79;15.78,5.01;16.18,4.26;16.54,3.55;16.87,2.89;17.17,2.27;17.41,1.70;17.63,1.20;17.82,0.74;17.99,0.34;18.13,-0.01;18.25,-0.31;18.34,-0.56;18.42,-0.77;18.48,-0.95;18.53,-1.08;18.58,-1.19;18.64,-1.35;~9,2,-17.21,-19.00,270.00,270.00,2.02;~0;~10,3,-41.00,-5.00,358.61,12.94,0.02;~0;~:4;-38,-7,3.02;16,12,3.02;-10,-9,3.02;-38,-12,3.02;:1;0.00,8.41:8,-31.26,-1.25,13.03,90.00,4.01,0.00:50;-31.26,-1.25;-31.26,-1.55;-31.26,-1.84;-31.23,-2.17;-31.21,-2.51;-31.09,-3.10;-30.97,-3.72;-30.72,-4.55;-30.46,-5.42;-30.08,-6.47;-29.68,-7.57;-29.13,-8.85;-28.55,-10.18;-27.84,-11.61;-27.10,-13.07;-26.25,-14.60;-25.35,-16.17;-24.37,-17.77;-23.35,-19.39;-22.28,-20.97;-21.17,-22.53;-20.03,-24.03;-18.86,-25.50;-17.68,-26.88;-16.48,-28.19;-15.30,-29.41;-14.12,-30.56;-12.95,-31.58;-11.78,-32.46;-10.63,-33.25;-9.51,-33.89;-8.40,-34.40;-7.32,-34.68;-6.26,-34.84;-5.26,-34.75;-4.27,-34.55;-3.34,-34.09;-2.43,-33.55;-1.60,-32.78;-0.78,-31.94;-0.05,-30.85;0.65,-29.70;1.25,-28.28;1.83,-26.84;2.32,-25.22;2.79,-23.58;3.17,-21.77;3.54,-19.96;3.80,-18.06;4.05,-16.17;:-120:2:15:10:
Auto:18.12:2;8,-10,18.12;25,-6,8.11;:5~2,1,-5.79,9.19,10.59,90.00,16.12;~5;-4.56,8.96;-3.78,8.82;-3.07,8.70;-2.35,8.59;-1.63,8.48;~6,3,-1.35,17.61,0.42,90.00,8.11;~36;-0.02,17.53;1.08,17.37;2.17,17.15;3.26,16.83;4.34,16.44;5.39,16.00;6.41,15.48;7.40,14.89;8.36,14.22;9.27,13.47;10.14,12.65;10.97,11.80;11.75,10.91;12.48,10.02;13.15,9.14;13.76,8.26;14.33,7.41;14.86,6.59;15.34,5.79;15.78,5.01;16.18,4.26;16.54,3.55;16.87,2.89;17.17,2.27;17.41,1.70;17.63,1.20;17.82,0.74;17.99,0.34;18.13,-0.01;18.25,-0.31;18.34,-0.56;18.42,-0.77;18.48,-0.95;18.53,-1.08;18.58,-1.19;18.64,-1.35;~8,1,-31.26,-1.25,15.74,173.62,4.11;~48;-31.26,-1.84;-31.23,-2.17;-31.21,-2.51;-31.09,-3.10;-30.97,-3.72;-30.72,-4.55;-30.46,-5.42;-30.08,-6.47;-29.68,-7.57;-29.13,-8.85;-28.55,-10.18;-27.84,-11.61;-27.10,-13.07;-26.25,-14.60;-25.35,-16.17;-24.37,-17.77;-23.35,-19.39;-22.28,-20.97;-21.17,-22.53;-20.03,-24.03;-18.86,-25.50;-17.68,-26.88;-16.48,-28.19;-15.30,-29.41;-14.12,-30.56;-12.95,-31.58;-11.78,-32.46;-10.63,-33.25;-9.51,-33.89;-8.40,-34.40;-7.32,-34.68;-6.26,-34.84;-5.26,-34.75;-4.27,-34.55;-3.34,-34.09;-2.43,-33.55;-1.60,-32.78;-0.78,-31.94;-0.05,-30.85;0.65,-29.70;1.25,-28.28;1.83,-26.84;2.32,-25.22;2.79,-23.58;3.17,-21.77;3.54,-19.96;3.80,-18.06;4.05,-16.17;~9,2,-17.22,-18.75,270.00,270.00,2.12;~0;~10,3,-40.75,-4.96,353.58,59.75,0.12;~0;~:4;-38,-7,3.11;16,12,3.11;-10,-9,3.11;-38,-12,3.11;:2;-20.98,0.00:5,-27.14,-4.92,296.49,90.00,10.12,0.00:50;-27.15,-4.91;-27.15,-4.90;-27.13,-4.88;-27.11,-4.85;-27.08,-4.80;-27.04,-4.75;-26.99,-4.69;-26.92,-4.61;-26.85,-4.52;-26.77,-4.42;-26.68,-4.31;-26.58,-4.19;-26.46,-4.06;-26.34,-3.92;-26.21,-3.77;-26.08,-3.62;-25.94,-3.47;-25.80,-3.32;-25.66,-3.16;-25.52,-3.01;-25.38,-2.86;-25.24,-2.71;-25.10,-2.56;-24.96,-2.41;-24.82,-2.26;-24.68,-2.11;-24.54,-1.97;-24.40,-1.83;-24.26,-1.69;-24.12,-1.55;-23.98,-1.42;-23.84,-1.29;-23.70,-1.17;-23.56,-1.04;-23.41,-0.93;-23.27,-0.82;-23.13,-0.71;-22.98,-0.61;-22.83,-0.52;-22.68,-0.43;-22.53,-0.36;-22.38,-0.28;-22.24,-0.22;-22.10,-0.16;-21.97,-0.12;-21.84,-0.08;-21.72,-0.04;-21.61,-0.01;-21.51,0.01;-21.41,0.03;:-120:2:15:10:
Destination:2,19.08
Spawn:11,20.00
Auto:20.02:3;8,-10,20.02;25,-6,10.01;35,13,0.01;:5~5,2,-25.24,-2.71,312.88,90.00,12.01;~27;-24.96,-2.41;-24.82,-2.26;-24.68,-2.11;-24.54,-1.97;-24.40,-1.83;-24.26,-1.69;-24.12,-1.55;-23.98,-1.42;-23.84,-1.29;-23.70,-1.17;-23.56,-1.04;-23.41,-0.93;-23.27,-0.82;-23.13,-0.71;-22.98,-0.61;-22.83,-0.52;-22.68,-0.43;-22.53,-0.36;-22.38,-0.28;-22.24,-0.22;-22.10,-0.16;-21.97,-0.12;-21.84,-0.08;-21.72,-0.04;-21.61,-0.01;-21.51,0.01;-21.41,0.03;~6,3,2.99,16.91,16.02,90.00,10.01;~32;4.34,16.44;5.39,16.00;6.41,15.48;7.40,14.89;8.36,14.22;9.27,13.47;10.14,12.65;10.97,11.80;11.75,10.91;12.48,10.02;13.15,9.14;13.76,8.26;14.33,7.41;14.86,6.59;15.34,5.79;15.78,5.01;16.18,4.26;16.54,3.55;16.87,2.89;17.17,2.27;17.41,1.70;17.63,1.20;17.82,0.74;17.99,0.34;18.13,-0.01;18.25,-0.31;18.34,-0.56;18.42,-0.77;18.48,-0.95;18.53,-1.08;18.58,-1.19;18.64,-1.35;~8,1,-30.47,-5.36,72.79,90.00,6.00;~41;-30.08,-6.47;-29.68,-7.57;-29.13,-8.85;-28.55,-10.18;-27.84,-11.61;-27.10,-13.07;-26.25,-14.60;-25.35,-16.17;-24.37,-17.77;-23.35,-19.39;-22.28,-20.97;-21.17,-22.53;-20.03,-24.03;-18.86,-25.50;-17.68,-26.88;-16.48,-28.19;-15.30,-29.41;-14.12,-30.56;-12.95,-31.58;-11.78,-32.46;-10.63,-33.25;-9.51,-33.89;-8.40,-34.40;-7.32,-34.68;-6.26,-34.84;-5.26,-34.75;-4.27,-34.55;-3.34,-34.09;-2.43,-33.55;-1.60,-32.78;-0.78,-31.94;-0.05,-30.85;0.65,-29.70;1.25,-28.28;1.83,-26.84;2.32,-25.22;2.79,-23.58;3.17,-21.77;3.54,-19.96;3.80,-18.06;4.05,-16.17;~10,3,-36.12,-4.17,350.32,90.00,2.01;~0;~11,1,-19.00,-24.00,349.40,22.89,0.01;~0;~:4;-38,-7,5.01;16,12,5.01;-10,-9,5.01;-38,-12,5.01;:2;-20.98,0.00:9,-17.41,-14.06,270.00,270.00,4.01,0.00:50;-17.41,-14.06;-17.72,-14.15;-18.14,-14.25;-18.74,-14.39;-19.52,-14.55;-20.51,-14.72;-21.62,-14.89;-22.84,-15.04;-24.18,-15.16;-25.59,-15.24;-27.00,-15.28;-28.40,-15.26;-29.76,-15.19;-31.02,-15.07;-32.16,-14.89;-33.17,-14.68;-34.05,-14.42;-34.81,-14.12;-35.45,-13.79;-35.99,-13.46;-36.41,-13.11;-36.72,-12.75;-36.94,-12.38;-37.08,-12.00;-37.14,-11.60;-37.12,-11.20;-37.04,-10.79;-36.89,-10.36;-36.70,-9.93;-36.45,-9.49;-36.14,-9.03;-35.78,-8.56;-35.36,-8.06;-34.86,-7.52;-34.26,-6.94;-33.63,-6.34;-32.96,-5.73;-32.23,-5.12;-31.46,-4.51;-30.60,-3.91;-29.62,-3.31;-28.58,-2.73;-27.52,-2.19;-26.45,-1.68;-25.42,-1.22;-24.48,-0.83;-23.67,-0.50;-22.95,-0.23;-22.30,0.00;-21.74,0.18;:-40:2:15:10:
Destination:5,21.08
NFZExit:10,21.22
Spawn:12,22.01
Auto:22.02:3;8,-10,22.02;25,-6,12.01;35,13,2.02;:5~6,3,7.36,14.92,30.51,90.00,12.01;~28;8.36,14.22;9.27,13.47;10.14,12.65;10.97,11.80;11.75,10.91;12.48,10.02;13.15,9.14;13.76,8.26;14.33,7.41;14.86,6.59;15.34,5.79;15.78,5.01;16.18,4.26;16.54,3.55;16.87,2.89;17.17,2.27;17.41,1.70;17.63,1.20;17.82,0.74;17.99,0.34;18.13,-0.01;18.25,-0.31;18.34,-0.56;18.42,-0.77;18.48,-0.95;18.53,-1.08;18.58,-1.19;18.64,-1.35;~8,1,-28.73,-9.77,66.15,90.00,8.01;~37;-27.84,-11.61;-27.10,-13.07;-26.25,-14.60;-25.35,-16.17;-24.37,-17.77;-23.35,-19.39;-22.28,-20.97;-21.17,-22.53;-20.03,-24.03;-18.86,-25.50;-17.68,-26.88;-16.48,-28.19;-15.30,-29.41;-14.12,-30.56;-12.95,-31.58;-11.78,-32.46;-10.63,-33.25;-9.51,-33.89;-8.40,-34.40;-7.32,-34.68;-6.26,-34.84;-5.26,-34.75;-4.27,-34.55;-3.34,-34.09;-2.43,-33.55;-1.60,-32.78;-0.78,-31.94;-0.05,-30.85;0.65,-29.70;1.25,-28.28;1.83,-26.84;2.32,-25.22;2.79,-23.58;3.17,-21.77;3.54,-19.96;3.80,-18.06;4.05,-16.17;~9,2,-21.71,-14.90,8.04,270.00,6.02;~42;-24.18,-15.16;-25.59,-15.24;-27.00,-15.28;-28.40,-15.26;-29.76,-15.19;-31.02,-15.07;-32.16,-14.89;-33.17,-14.68;-34.05,-14.42;-34.81,-14.12;-35.45,-13.79;-35.99,-13.46;-36.41,-13.11;-36.72,-12.75;-36.94,-12.38;-37.08,-12.00;-37.14,-11.60;-37.12,-11.20;-37.04,-10.79;-36.89,-10.36;-36.70,-9.93;-36.45,-9.49;-36.14,-9.03;-35.78,-8.56;-35.36,-8.06;-34.86,-7.52;-34.26,-6.94;-33.63,-6.34;-32.96,-5.73;-32.23,-5.12;-31.46,-4.51;-30.60,-3.91;-29.62,-3.31;-28.58,-2.73;-27.52,-2.19;-26.45,-1.68;-25.42,-1.22;-24.48,-0.83;-23.67,-0.50;-22.95,-0.23;-22.30,0.00;-21.74,0.18;~11,1,-15.27,-20.67,318.31,90.00,2.02;~0;~12,1,41.00,-4.00,0.60,347.06,0.02;~0;~:4;-38,-7,7.01;16,12,7.01;-10,-9,7.01;-38,-12,7.01;:3;20.13,0.00:10,-31.14,-3.32,350.32,90.00,4.02,0.00:50;-31.14,-3.32;-31.25,-4.61;-31.34,-6.55;-31.40,-9.62;-31.34,-13.75;-31.09,-19.02;-30.58,-25.06;-29.71,-31.87;-28.56,-39.07;-27.12,-46.48;-25.35,-53.87;-23.35,-61.05;-21.17,-67.72;-18.95,-73.68;-16.76,-78.63;-14.58,-82.66;-12.43,-85.51;-10.24,-87.32;-8.02,-87.59;-5.84,-86.64;-3.84,-84.40;-2.06,-81.10;-0.58,-77.00;0.61,-72.54;1.53,-67.91;2.23,-63.37;2.76,-59.04;3.19,-54.91;3.56,-51.03;3.94,-47.33;4.34,-43.78;4.80,-40.36;5.28,-37.01;5.88,-33.75;6.51,-30.60;7.19,-27.57;7.96,-24.63;8.74,-21.91;9.59,-19.34;10.50,-16.97;11.47,-14.70;12.45,-12.58;13.43,-10.62;14.38,-8.85;15.27,-7.26;16.06,-5.92;16.76,-4.76;17.34,-3.83;17.80,-3.09;18.16,-2.55;:50:2:15:10:
Collision:9,23.52
Collision:8,23.52
Spawn:13,24.00
Auto:24.02:3;8,-10,24.02;25,-6,14.01;35,13,4.01;:4~6,3,10.87,11.90,45.82,90.00,14.01;~24;11.75,10.91;12.48,10.02;13.15,9.14;13.76,8.26;14.33,7.41;14.86,6.59;15.34,5.79;15.78,5.01;16.18,4.26;16.54,3.55;16.87,2.89;17.17,2.27;17.41,1.70;17.63,1.20;17.82,0.74;17.99,0.34;18.13,-0.01;18.25,-0.31;18.34,-0.56;18.42,-0.77;18.48,-0.95;18.53,-1.08;18.58,-1.19;18.64,-1.35;~10,3,-31.37,-7.95,90.00,270.00,6.01;~46;-31.34,-13.75;-31.09,-19.02;-30.58,-25.06;-29.71,-31.87;-28.56,-39.07;-27.12,-46.48;-25.35,-53.87;-23.35,-61.05;-21.17,-67.72;-18.95,-73.68;-16.76,-78.63;-14.58,-82.66;-12.43,-85.51;-10.24,-87.32;-8.02,-87.59;-5.84,-86.64;-3.84,-84.40;-2.06,-81.10;-0.58,-77.00;0.61,-72.54;1.53,-67.91;2.23,-63.37;2.76,-59.04;3.19,-54.91;3.56,-51.03;3.94,-47.33;4.34,-43.78;4.80,-40.36;5.28,-37.01;5.88,-33.75;6.51,-30.60;7.19,-27.57;7.96,-24.63;8.74,-21.91;9.59,-19.34;10.50,-16.97;11.47,-14.70;12.45,-12.58;13.43,-10.62;14.38,-8.85;15.27,-7.26;16.06,-5.92;16.76,-4.76;17.34,-3.83;17.80,-3.09;18.16,-2.55;~12,1,36.06,-4.36,4.18,270.00,2.01;~0;~13,3,-41.00,20.00,3.67,24.11,0.01;~0;~:4;-38,-7,9.01;16,12,9.01;-10,-9,9.01;-38,-12,9.01;:1;0.00,8.41:11,-11.57,-17.38,318.31,90.00,4.01,0.00:50;-11.57,-17.38;-11.54,-17.32;-11.50,-17.25;-11.47,-17.18;-11.43,-17.12;-11.39,-17.05;-11.33,-16.96;-11.27,-16.88;-11.20,-16.80;-11.14,-16.71;-11.07,-16.62;-11.00,-16.48;-10.92,-16.34;-10.85,-16.20;-10.78,-16.06;-10.69,-15.90;-10.57,-15.69;-10.45,-15.48;-10.33,-15.27;-10.20,-15.06;-10.08,-14.82;-9.94,-14.53;-9.80,-14.24;-9.66,-13.95;-9.52,-13.66;-9.37,-13.34;-9.20,-12.98;-9.04,-12.62;-8.87,-12.27;-8.70,-11.91;-8.54,-11.52;-8.38,-11.09;-8.23,-10.67;-8.07,-10.25;-7.91,-9.82;-7.74,-9.37;-7.57,-8.90;-7.40,-8.44;-7.23,-7.97;-7.06,-7.51;-6.90,-7.04;-6.75,-6.56;-6.59,-6.09;-6.43,-5.62;-6.28,-5.15;-6.12,-4.68;-5.97,-4.22;-5.82,-3.75;-5.66,-3.28;-5.51,-2.82;:-150:2:15:10:
NFZEnter:6,24.20
Spawn:14,26.00
Auto:26.02:3;8,-10,26.02;25,-6,16.01;35,13,6.02;:5~6,3,13.76,8.26,55.05,90.00,16.01;~19;14.86,6.59;15.34,5.79;15.78,5.01;16.18,4.26;16.54,3.55;16.87,2.89;17.17,2.27;17.41,1.70;17.63,1.20;17.82,0.74;17.99,0.34;18.13,-0.01;18.25,-0.31;18.34,-0.56;18.42,-0.77;18.48,-0.95;18.53,-1.08;18.58,-1.19;18.64,-1.35;~10,3,-31.36,-12.92,90.00,90.00,8.02;~45;-31.09,-19.02;-30.58,-25.06;-29.71,-31.87;-28.56,-39.07;-27.12,-46.48;-25.35,-53.87;-23.35,-61.05;-21.17,-67.72;-18.95,-73.68;-16.76,-78.63;-14.58,-82.66;-12.43,-85.51;-10.24,-87.32;-8.02,-87.59;-5.84,-86.64;-3.84,-84.40;-2.06,-81.10;-0.58,-77.00;0.61,-72.54;1.53,-67.91;2.23,-63.37;2.76,-59.04;3.19,-54.91;3.56,-51.03;3.94,-47.33;4.34,-43.78;4.80,-40.36;5.28,-37.01;5.88,-33.75;6.51,-30.60;7.19,-27.57;7.96,-24.63;8.74,-21.91;9.59,-19.34;10.50,-16.97;11.47,-14.70;12.45,-12.58;13.43,-10.62;14.38,-8.85;15.27,-7.26;16.06,-5.92;16.76,-4.76;17.34,-3.83;17.80,-3.09;18.16,-2.55;~11,1,-9.95,-14.55,296.42,90.00,6.02;~28;-9.80,-14.24;-9.66,-13.95;-9.52,-13.66;-9.37,-13.34;-9.20,-12.98;-9.04,-12.62;-8.87,-12.27;-8.70,-11.91;-8.54,-11.52;-8.38,-11.09;-8.23,-10.67;-8.07,-10.25;-7.91,-9.82;-7.74,-9.37;-7.57,-8.90;-7.40,-8.44;-7.23,-7.97;-7.06,-7.51;-6.90,-7.04;-6.75,-6.56;-6.59,-6.09;-6.43,-5.62;-6.28,-5.15;-6.12,-4.68;-5.97,-4.22;-5.82,-3.75;-5.66,-3.28;-5.51,-2.82;~13,3,-36.14,18.82,13.69,90.00,2.02;~0;~14,1,17.00,24.00,8.34,347.06,0.02;~0;~:4;-38,-7,11.01;16,12,11.01;-10,-9,11.01;-38,-12,11.01;:1;0.00,8.41:12,31.03,-4.73,4.18,270.00,4.02,0.00:50;31.03,-4.73;31.05,-4.66;31.07,-4.60;31.09,-4.53;31.11,-4.46;31.14,-4.39;31.18,-4.24;31.23,-4.10;31.28,-3.95;31.32,-3.80;31.37,-3.64;31.44,-3.42;31.52,-3.20;31.59,-2.98;31.66,-2.76;31.74,-2.52;31.83,-2.23;31.93,-1.94;32.03,-1.65;32.12,-1.37;32.22,-1.06;32.34,-0.72;32.45,-0.38;32.57,-0.04;32.68,0.30;32.80,0.66;32.93,1.04;33.06,1.41;33.18,1.79;33.31,2.17;33.44,2.55;33.58,2.95;33.71,3.35;33.85,3.75;33.98,4.15;34.12,4.55;34.25,4.94;34.39,5.33;34.52,5.73;34.66,6.12;34.79,6.51;34.92,6.89;35.05,7.28;35.18,7.67;35.31,8.05;35.43,8.41;35.55,8.77;35.67,9.13;35.80,9.49;35.92,9.85;:-180:2:15:10:
NFZEnter:11,26.44
NFZExit:6,26.60
Auto:28.01:3;8,-10,28.01;25,-6,18.00;35,13,8.01;:6~6,3,16.18,4.26,62.02,90.00,18.00;~15;16.54,3.55;16.87,2.89;17.17,2.27;17.41,1.70;17.63,1.20;17.82,0.74;17.99,0.34;18.13,-0.01;18.25,-0.31;18.34,-0.56;18.42,-0.77;18.48,-0.95;18.53,-1.08;18.58,-1.19;18.64,-1.35;~10,3,-31.15,-17.80,90.00,90.00,10.00;~44;-30.58,-25.06;-29.71,-31.87;-28.56,-39.07;-27.12,-46.48;-25.35,-53.87;-23.35,-61.05;-21.17,-67.72;-18.95,-73.68;-16.76,-78.63;-14.58,-82.66;-12.43,-85.51;-10.24,-87.32;-8.02,-87.59;-5.84,-86.64;-3.84,-84.40;-2.06,-81.10;-0.58,-77.00;0.61,-72.54;1.53,-67.91;2.23,-63.37;2.76,-59.04;3.19,-54.91;3.56,-51.03;3.94,-47.33;4.34,-43.78;4.80,-40.36;5.28,-37.01;5.88,-33.75;6.51,-30.60;7.19,-27.57;7.96,-24.63;8.74,-21.91;9.59,-19.34;10.50,-16.97;11.47,-14.70;12.45,-12.58;13.43,-10.62;14.38,-8.85;15.27,-7.26;16.06,-5.92;16.76,-4.76;17.34,-3.83;17.80,-3.09;18.16,-2.55;~11,1,-8.26,-10.77,290.63,90.00,8.01;~17;-8.07,-10.25;-7.91,-9.82;-7.74,-9.37;-7.57,-8.90;-7.40,-8.44;-7.23,-7.97;-7.06,-7.51;-6.90,-7.04;-6.75,-6.56;-6.59,-6.09;-6.43,-5.62;-6.28,-5.15;-6.12,-4.68;-5.97,-4.22;-5.82,-3.75;-5.66,-3.28;-5.51,-2.82;~12,1,32.03,-1.65,288.31,90.00,6.00;~30;32.22,-1.06;32.34,-0.72;32.45,-0.38;32.57,-0.04;32.68,0.30;32.80,0.66;32.93,1.04;33.06,1.41;33.18,1.79;33.31,2.17;33.44,2.55;33.58,2.95;33.71,3.35;33.85,3.75;33.98,4.15;34.12,4.55;34.25,4.94;34.39,5.33;34.52,5.73;34.66,6.12;34.79,6.51;34.92,6.89;35.05,7.28;35.18,7.67;35.31,8.05;35.43,8.41;35.55,8.77;35.67,9.13;35.80,9.49;35.92,9.85;~14,1,14.38,19.80,58.05,270.00,2.00;~0;~0,3,-41.00,-10.00,0.00,0.00,28.01;~0;~:4;-38,-7,13.00;16,12,13.00;-10,-9,13.00;-38,-12,13.00;:3;20.13,0.00:13,-31.33,17.65,13.69,90.00,4.01,0.00:50;-31.09,17.61;-30.96,17.59;-30.82,17.57;-30.64,17.53;-30.37,17.46;-30.11,17.38;-29.79,17.28;-29.42,17.16;-29.06,17.04;-28.59,16.85;-28.10,16.65;-27.60,16.44;-26.98,16.16;-26.36,15.87;-25.70,15.55;-24.96,15.18;-24.22,14.81;-23.41,14.37;-22.55,13.90;-21.70,13.43;-20.70,12.86;-19.70,12.28;-18.67,11.68;-17.55,11.03;-16.43,10.38;-15.25,9.70;-14.01,8.97;-12.78,8.24;-11.47,7.49;-10.15,6.72;-8.83,5.95;-7.44,5.16;-6.05,4.37;-4.65,3.59;-3.23,2.80;-1.80,2.02;-0.35,1.24;1.11,0.47;2.56,-0.29;4.03,-1.02;5.49,-1.75;6.96,-2.47;8.42,-3.16;9.88,-3.86;11.33,-4.53;12.75,-5.19;14.18,-5.84;15.55,-6.45;16.89,-7.04;18.24,-7.62;:-210:2:15:10:
Spawn:15,28.01
NFZEnter:15,28.02
NFZEnter:15,28.02
NFZEnter:14,29.40
Destination:6,29.44
Auto:30.00:4;8,-10,30.00;25,-6,19.99;35,13,10.00;-18,20,30.00;:6~10,3,-30.78,-22.70,90.00,90.00,12.00;~43;-29.71,-31.87;-28.56,-39.07;-27.12,-46.48;-25.35,-53.87;-23.35,-61.05;-21.17,-67.72;-18.95,-73.68;-16.76,-78.63;-14.58,-82.66;-12.43,-85.51;-10.24,-87.32;-8.02,-87.59;-5.84,-86.64;-3.84,-84.40;-2.06,-81.10;-0.58,-77.00;0.61,-72.54;1.53,-67.91;2.23,-63.37;2.76,-59.04;3.19,-54.91;3.56,-51.03;3.94,-47.33;4.34,-43.78;4.80,-40.36;5.28,-37.01;5.88,-33.75;6.51,-30.60;7.19,-27.57;7.96,-24.63;8.74,-21.91;9.59,-19.34;10.50,-16.97;11.47,-14.70;12.45,-12.58;13.43,-10.62;14.38,-8.85;15.27,-7.26;16.06,-5.92;16.76,-4.76;17.34,-3.83;17.80,-3.09;18.16,-2.55;~11,1,-6.78,-6.66,288.48,90.00,10.00;~8;-6.59,-6.09;-6.43,-5.62;-6.28,-5.15;-6.12,-4.68;-5.97,-4.22;-5.82,-3.75;-5.66,-3.28;-5.51,-2.82;~12,1,33.34,2.26,288.63,90.00,8.00;~19;33.58,2.95;33.71,3.35;33.85,3.75;33.98,4.15;34.12,4.55;34.25,4.94;34.39,5.33;34.52,5.73;34.66,6.12;34.79,6.51;34.92,6.89;35.05,7.28;35.18,7.67;35.31,8.05;35.43,8.41;35.55,8.77;35.67,9.13;35.80,9.49;35.92,9.85;~13,3,-27.42,16.36,23.89,90.00,6.00;~37;-26.36,15.87;-25.70,15.55;-24.96,15.18;-24.22,14.81;-23.41,14.37;-22.55,13.90;-21.70,13.43;-20.70,12.86;-19.70,12.28;-18.67,11.68;-17.55,11.03;-16.43,10.38;-15.25,9.70;-14.01,8.97;-12.78,8.24;-11.47,7.49;-10.15,6.72;-8.83,5.95;-7.44,5.16;-6.05,4.37;-4.65,3.59;-3.23,2.80;-1.80,2.02;-0.35,1.24;1.11,0.47;2.56,-0.29;4.03,-1.02;5.49,-1.75;6.96,-2.47;8.42,-3.16;9.88,-3.86;11.33,-4.53;12.75,-5.19;14.18,-5.84;15.55,-6.45;16.89,-7.04;18.24,-7.62;~15,3,-36.22,-8.72,345.00,90.00,2.00;~0;~0,1,-32.00,24.00,0.00,0.00,30.00;~0;~:4;33,4,0.00;-16,1,0.00;14,-10,0.00;13,2,0.00;:1;0.00,8.41:14,11.73,15.56,58.05,270.00,4.00,0.00:50;11.73,15.56;11.83,15.26;11.97,14.73;12.10,13.98;12.16,13.02;12.12,11.97;11.94,10.87;11.61,9.82;11.15,8.87;10.55,8.10;9.84,7.55;9.09,7.19;8.31,7.00;7.50,6.97;6.72,7.05;5.97,7.25;5.28,7.55;4.63,7.96;4.00,8.51;3.39,9.21;2.79,9.98;2.24,10.82;1.70,11.69;1.18,12.58;0.68,13.45;0.21,14.26;-0.21,14.98;-0.59,15.59;-0.93,16.07;-1.25,16.44;-1.57,16.64;-1.87,16.70;-2.14,16.55;-2.39,16.29;-2.58,15.92;-2.74,15.49;-2.85,15.03;-2.92,14.56;-2.95,14.12;-2.95,13.72;-2.91,13.35;-2.82,12.98;-2.66,12.62;-2.47,12.29;-2.24,12.00;-2.00,11.76;-1.75,11.57;-1.53,11.44;-1.32,11.35;-1.14,11.29;:-190:2:15:10:
Spawn:16,30.00
NFZEnter:12,30.02
NFZExit:11,30.02
NFZExit:15,30.02
NFZExit:15,30.02
NFZExit:14,30.02
Screen:10,30.52
Auto:31.58:4;8,-10,31.58;25,-6,21.57;35,13,11.58;-18,20,1.58;:5~12,1,34.40,5.38,288.99,90.00,9.58;~11;34.66,6.12;34.79,6.51;34.92,6.89;35.05,7.28;35.18,7.67;35.31,8.05;35.43,8.41;35.55,8.77;35.67,9.13;35.80,9.49;35.92,9.85;~13,3,-24.18,14.79,27.20,90.00,7.58;~32;-22.55,13.90;-21.70,13.43;-20.70,12.86;-19.70,12.28;-18.67,11.68;-17.55,11.03;-16.43,10.38;-15.25,9.70;-14.01,8.97;-12.78,8.24;-11.47,7.49;-10.15,6.72;-8.83,5.95;-7.44,5.16;-6.05,4.37;-4.65,3.59;-3.23,2.80;-1.80,2.02;-0.35,1.24;1.11,0.47;2.56,-0.29;4.03,-1.02;5.49,-1.75;6.96,-2.47;8.42,-3.16;9.88,-3.86;11.33,-4.53;12.75,-5.19;14.18,-5.84;15.55,-6.45;16.89,-7.04;18.24,-7.62;~14,1,12.13,12.17,90.00,276.91,5.58;~44;11.94,10.87;11.61,9.82;11.15,8.87;10.55,8.10;9.84,7.55;9.09,7.19;8.31,7.00;7.50,6.97;6.72,7.05;5.97,7.25;5.28,7.55;4.63,7.96;4.00,8.51;3.39,9.21;2.79,9.98;2.24,10.82;1.70,11.69;1.18,12.58;0.68,13.45;0.21,14.26;-0.21,14.98;-0.59,15.59;-0.93,16.07;-1.25,16.44;-1.57,16.64;-1.87,16.70;-2.14,16.55;-2.39,16.29;-2.58,15.92;-2.74,15.49;-2.85,15.03;-2.92,14.56;-2.95,14.12;-2.95,13.72;-2.91,13.35;-2.82,12.98;-2.66,12.62;-2.47,12.29;-2.24,12.00;-2.00,11.76;-1.75,11.57;-1.53,11.44;-1.32,11.35;-1.14,11.29;~15,3,-32.40,-7.70,345.00,90.00,3.58;~0;~16,1,-32.16,20.10,90.00,270.00,1.58;~0;~:4;33,4,1.58;-16,1,1.58;14,-10,1.58;13,2,1.58;:1;0.00,8.41:11,-5.66,-3.28,288.18,90.00,11.58,0.00:50;-5.72,-3.33;-5.71,-3.26;-5.70,-3.19;-5.68,-3.12;-5.67,-3.05;-5.65,-2.97;-5.63,-2.89;-5.60,-2.81;-5.58,-2.73;-5.54,-2.61;-5.49,-2.48;-5.45,-2.36;-5.40,-2.24;-5.34,-2.08;-5.27,-1.91;-5.21,-1.74;-5.14,-1.57;-5.05,-1.38;-4.95,-1.19;-4.85,-0.99;-4.76,-0.80;-4.65,-0.58;-4.55,-0.35;-4.44,-0.13;-4.34,0.10;-4.22,0.34;-4.09,0.58;-3.97,0.83;-3.84,1.07;-3.72,1.32;-3.59,1.59;-3.46,1.85;-3.33,2.11;-3.21,2.38;-3.08,2.65;-2.96,2.92;-2.83,3.19;-2.71,3.46;-2.57,3.72;-2.44,3.99;-2.31,4.26;-2.18,4.52;-2.06,4.78;-1.94,5.03;-1.83,5.29;-1.71,5.55;-1.60,5.79;-1.48,6.03;-1.37,6.27;-1.26,6.51;:-230:2:15:10:
Auto:32.02:4;8,-10,32.02;25,-6,22.00;35,13,12.01;-18,20,2.01;:6~11,1,-5.64,-2.92,285.86,93.21,12.01;~43;-5.60,-2.81;-5.58,-2.73;-5.54,-2.61;-5.49,-2.48;-5.45,-2.36;-5.40,-2.24;-5.34,-2.08;-5.27,-1.91;-5.21,-1.74;-5.14,-1.57;-5.05,-1.38;-4.95,-1.19;-4.85,-0.99;-4.76,-0.80;-4.65,-0.58;-4.55,-0.35;-4.44,-0.13;-4.34,0.10;-4.22,0.34;-4.09,0.58;-3.97,0.83;-3.84,1.07;-3.72,1.32;-3.59,1.59;-3.46,1.85;-3.33,2.11;-3.21,2.38;-3.08,2.65;-2.96,2.92;-2.83,3.19;-2.71,3.46;-2.57,3.72;-2.44,3.99;-2.31,4.26;-2.18,4.52;-2.06,4.78;-1.94,5.03;-1.83,5.29;-1.71,5.55;-1.60,5.79;-1.48,6.03;-1.37,6.27;-1.26,6.51;~12,1,34.69,6.21,288.83,90.00,10.01;~9;34.92,6.89;35.05,7.28;35.18,7.67;35.31,8.05;35.43,8.41;35.55,8.77;35.67,9.13;35.80,9.49;35.92,9.85;~13,3,-23.32,14.32,28.48,90.00,8.01;~31;-21.70,13.43;-20.70,12.86;-19.70,12.28;-18.67,11.68;-17.55,11.03;-16.43,10.38;-15.25,9.70;-14.01,8.97;-12.78,8.24;-11.47,7.49;-10.15,6.72;-8.83,5.95;-7.44,5.16;-6.05,4.37;-4.65,3.59;-3.23,2.80;-1.80,2.02;-0.35,1.24;1.11,0.47;2.56,-0.29;4.03,-1.02;5.49,-1.75;6.96,-2.47;8.42,-3.16;9.88,-3.86;11.33,-4.53;12.75,-5.19;14.18,-5.84;15.55,-6.45;16.89,-7.04;18.24,-7.62;~14,1,12.00,11.23,90.00,270.12,6.01;~43;11.61,9.82;11.15,8.87;10.55,8.10;9.84,7.55;9.09,7.19;8.31,7.00;7.50,6.97;6.72,7.05;5.97,7.25;5.28,7.55;4.63,7.96;4.00,8.51;3.39,9.21;2.79,9.98;2.24,10.82;1.70,11.69;1.18,12.58;0.68,13.45;0.21,14.26;-0.21,14.98;-0.59,15.59;-0.93,16.07;-1.25,16.44;-1.57,16.64;-1.87,16.70;-2.14,16.55;-2.39,16.29;-2.58,15.92;-2.74,15.49;-2.85,15.03;-2.92,14.56;-2.95,14.12;-2.95,13.72;-2.91,13.35;-2.82,12.98;-2.66,12.62;-2.47,12.29;-2.24,12.00;-2.00,11.76;-1.75,11.57;-1.53,11.44;-1.32,11.35;-1.14,11.29;~16,1,-32.21,19.05,90.00,270.00,2.01;~0;~0,2,41.00,6.00,0.00,0.00,32.02;~0;~:4;33,4,2.01;-16,1,2.01;14,-10,2.01;13,2,2.01;:3;20.13,0.00:15,-31.39,-7.42,345.00,90.00,4.01,0.00:50;-31.86,-6.83;-31.71,-6.81;-31.57,-6.79;-31.42,-6.77;-31.28,-6.75;-31.12,-6.73;-30.94,-6.71;-30.77,-6.69;-30.60,-6.67;-30.41,-6.65;-30.16,-6.62;-29.91,-6.58;-29.65,-6.55;-29.40,-6.51;-29.10,-6.48;-28.77,-6.45;-28.44,-6.43;-28.11,-6.40;-27.77,-6.37;-27.38,-6.34;-26.99,-6.31;-26.60,-6.28;-26.21,-6.25;-25.79,-6.21;-25.36,-6.17;-24.93,-6.13;-24.50,-6.09;-24.05,-6.06;-23.57,-6.02;-23.10,-5.99;-22.62,-5.96;-22.14,-5.93;-21.64,-5.88;-21.13,-5.82;-20.61,-5.77;-20.10,-5.72;-19.58,-5.66;-19.02,-5.60;-18.47,-5.53;-17.92,-5.47;-17.36,-5.41;-16.80,-5.32;-16.23,-5.23;-15.66,-5.14;-15.09,-5.05;-14.51,-4.96;-13.93,-4.88;-13.34,-4.80;-12.75,-4.71;-12.17,-4.63;:-240:2:15:10:
Spawn:17,32.02
NFZEnter:17,33.28
NFZExit:12,33.36
Auto:33.67:4;8,-10,33.67;25,-6,23.66;35,13,13.67;-18,20,3.67;:6~11,1,-4.51,-0.26,295.07,90.00,13.67;~26;-4.34,0.10;-4.22,0.34;-4.09,0.58;-3.97,0.83;-3.84,1.07;-3.72,1.32;-3.59,1.59;-3.46,1.85;-3.33,2.11;-3.21,2.38;-3.08,2.65;-2.96,2.92;-2.83,3.19;-2.71,3.46;-2.57,3.72;-2.44,3.99;-2.31,4.26;-2.18,4.52;-2.06,4.78;-1.94,5.03;-1.83,5.29;-1.71,5.55;-1.60,5.79;-1.48,6.03;-1.37,6.27;-1.26,6.51;~13,3,-19.88,12.38,30.00,90.00,9.67;~28;-18.67,11.68;-17.55,11.03;-16.43,10.38;-15.25,9.70;-14.01,8.97;-12.78,8.24;-11.47,7.49;-10.15,6.72;-8.83,5.95;-7.44,5.16;-6.05,4.37;-4.65,3.59;-3.23,2.80;-1.80,2.02;-0.35,1.24;1.11,0.47;2.56,-0.29;4.03,-1.02;5.49,-1.75;6.96,-2.47;8.42,-3.16;9.88,-3.86;11.33,-4.53;12.75,-5.19;14.18,-5.84;15.55,-6.45;16.89,-7.04;18.24,-7.62;~14,1,10.31,7.91,41.47,270.00,7.67;~39;9.09,7.19;8.31,7.00;7.50,6.97;6.72,7.05;5.97,7.25;5.28,7.55;4.63,7.96;4.00,8.51;3.39,9.21;2.79,9.98;2.24,10.82;1.70,11.69;1.18,12.58;0.68,13.45;0.21,14.26;-0.21,14.98;-0.59,15.59;-0.93,16.07;-1.25,16.44;-1.57,16.64;-1.87,16.70;-2.14,16.55;-2.39,16.29;-2.58,15.92;-2.74,15.49;-2.85,15.03;-2.92,14.56;-2.95,14.12;-2.95,13.72;-2.91,13.35;-2.82,12.98;-2.66,12.62;-2.47,12.29;-2.24,12.00;-2.00,11.76;-1.75,11.57;-1.53,11.44;-1.32,11.35;-1.14,11.29;~15,3,-29.55,-6.53,352.25,90.00,5.67;~36;-29.10,-6.48;-28.77,-6.45;-28.44,-6.43;-28.11,-6.40;-27.77,-6.37;-27.38,-6.34;-26.99,-6.31;-26.60,-6.28;-26.21,-6.25;-25.79,-6.21;-25.36,-6.17;-24.93,-6.13;-24.50,-6.09;-24.05,-6.06;-23.57,-6.02;-23.10,-5.99;-22.62,-5.96;-22.14,-5.93;-21.64,-5.88;-21.13,-5.82;-20.61,-5.77;-20.10,-5.72;-19.58,-5.66;-19.02,-5.60;-18.47,-5.53;-17.92,-5.47;-17.36,-5.41;-16.80,-5.32;-16.23,-5.23;-15.66,-5.14;-15.09,-5.05;-14.51,-4.96;-13.93,-4.88;-13.34,-4.80;-12.75,-4.71;-12.17,-4.63;~16,1,-32.38,14.91,90.00,270.00,3.67;~0;~17,2,36.90,5.85,2.09,270.00,1.66;~0;~:4;33,4,3.67;-16,1,3.67;14,-10,3.67;13,2,3.67;:1;0.00,8.41:12,35.80,9.49,288.72,90.00,11.67,0.00:50;35.52,8.73;35.43,8.50;35.34,8.27;35.22,8.00;35.09,7.73;34.95,7.43;34.80,7.13;34.62,6.79;34.42,6.42;33.70,5.37;32.42,3.57;31.44,2.29;31.02,2.00;30.57,1.72;30.03,1.47;29.48,1.23;28.82,1.03;28.17,0.83;27.40,0.70;26.62,0.56;25.78,0.48;24.91,0.42;24.01,0.40;23.08,0.41;22.13,0.47;21.17,0.56;20.20,0.68;19.22,0.84;18.24,1.01;17.26,1.23;16.29,1.47;15.32,1.75;14.35,2.04;13.41,2.35;12.46,2.67;11.55,3.03;10.64,3.39;9.75,3.77;8.87,4.16;8.01,4.57;7.17,4.99;6.36,5.41;5.56,5.84;4.79,6.26;4.07,6.67;3.36,7.08;2.70,7.48;2.05,7.88;1.47,8.25;0.89,8.62;:-260:2:15:10:
NFZEnter:12,33.98
Auto:34.01:4;8,-10,34.01;25,-6,24.00;35,13,14.00;-18,20,4.00;:7~11,1,-4.23,0.33,295.72,90.00,14.00;~24;-4.09,0.58;-3.97,0.83;-3.84,1.07;-3.72,1.32;-3.59,1.59;-3.46,1.85;-3.33,2.11;-3.21,2.38;-3.08,2.65;-2.96,2.92;-2.83,3.19;-2.71,3.46;-2.57,3.72;-2.44,3.99;-2.31,4.26;-2.18,4.52;-2.06,4.78;-1.94,5.03;-1.83,5.29;-1.71,5.55;-1.60,5.79;-1.48,6.03;-1.37,6.27;-1.26,6.51;~12,1,35.54,8.79,62.65,260.59,12.00;~49;35.43,8.50;35.34,8.27;35.22,8.00;35.09,7.73;34.95,7.43;34.80,7.13;34.62,6.79;34.42,6.42;33.70,5.37;32.42,3.57;31.44,2.29;31.02,2.00;30.57,1.72;30.03,1.47;29.48,1.23;28.82,1.03;28.17,0.83;27.40,0.70;26.62,0.56;25.78,0.48;24.91,0.42;24.01,0.40;23.08,0.41;22.13,0.47;21.17,0.56;20.20,0.68;19.22,0.84;18.24,1.01;17.26,1.23;16.29,1.47;15.32,1.75;14.35,2.04;13.41,2.35;12.46,2.67;11.55,3.03;10.64,3.39;9.75,3.77;8.87,4.16;8.01,4.57;7.17,4.99;6.36,5.41;5.56,5.84;4.79,6.26;4.07,6.67;3.36,7.08;2.70,7.48;2.05,7.88;1.47,8.25;0.89,8.62;~13,3,-19.23,12.00,30.00,90.00,10.00;~27;-17.55,11.03;-16.43,10.38;-15.25,9.70;-14.01,8.97;-12.78,8.24;-11.47,7.49;-10.15,6.72;-8.83,5.95;-7.44,5.16;-6.05,4.37;-4.65,3.59;-3.23,2.80;-1.80,2.02;-0.35,1.24;1.11,0.47;2.56,-0.29;4.03,-1.02;5.49,-1.75;6.96,-2.47;8.42,-3.16;9.88,-3.86;11.33,-4.53;12.75,-5.19;14.18,-5.84;15.55,-6.45;16.89,-7.04;18.24,-7.62;~14,1,9.66,7.46,30.65,270.00,8.00;~38;8.31,7.00;7.50,6.97;6.72,7.05;5.97,7.25;5.28,7.55;4.63,7.96;4.00,8.51;3.39,9.21;2.79,9.98;2.24,10.82;1.70,11.69;1.18,12.58;0.68,13.45;0.21,14.26;-0.21,14.98;-0.59,15.59;-0.93,16.07;-1.25,16.44;-1.57,16.64;-1.87,16.70;-2.14,16.55;-2.39,16.29;-2.58,15.92;-2.74,15.49;-2.85,15.03;-2.92,14.56;-2.95,14.12;-2.95,13.72;-2.91,13.35;-2.82,12.98;-2.66,12.62;-2.47,12.29;-2.24,12.00;-2.00,11.76;-1.75,11.57;-1.53,11.44;-1.32,11.35;-1.14,11.29;~15,3,-28.90,-6.46,354.54,90.00,6.00;~34;-28.44,-6.43;-28.11,-6.40;-27.77,-6.37;-27.38,-6.34;-26.99,-6.31;-26.60,-6.28;-26.21,-6.25;-25.79,-6.21;-25.36,-6.17;-24.93,-6.13;-24.50,-6.09;-24.05,-6.06;-23.57,-6.02;-23.10,-5.99;-22.62,-5.96;-22.14,-5.93;-21.64,-5.88;-21.13,-5.82;-20.61,-5.77;-20.10,-5.72;-19.58,-5.66;-19.02,-5.60;-18.47,-5.53;-17.92,-5.47;-17.36,-5.41;-16.80,-5.32;-16.23,-5.23;-15.66,-5.14;-15.09,-5.05;-14.51,-4.96;-13.93,-4.88;-13.34,-4.80;-12.75,-4.71;-12.17,-4.63;~17,2,36.05,5.82,2.09,270.00,1.99;~0;~0,3,-5.00,24.00,0.00,0.00,34.01;~0;~:4;33,4,4.00;-16,1,4.00;14,-10,4.00;13,2,4.00;:1;0.00,8.41:16,-32.41,14.06,90.00,270.00,4.00,0.00:50;-32.41,14.06;-32.46,13.66;-32.49,13.13;-32.51,12.30;-32.53,11.24;-32.52,9.92;-32.51,8.42;-32.48,6.56;-32.43,4.34;-32.30,0.72;-32.16,-1.52;-31.96,-3.68;-31.71,-5.69;-31.41,-7.45;-31.09,-8.95;-30.77,-10.16;-30.42,-11.12;-30.03,-11.82;-29.58,-12.31;-29.03,-12.60;-28.41,-12.71;-27.71,-12.68;-26.94,-12.52;-26.11,-12.25;-25.27,-11.92;-24.45,-11.52;-23.69,-11.13;-22.99,-10.74;-22.36,-10.37;-21.80,-10.00;-21.28,-9.66;-20.79,-9.30;-20.27,-8.88;-19.69,-8.40;-18.97,-7.81;-18.14,-7.12;-17.21,-6.37;-16.22,-5.59;-15.18,-4.82;-14.14,-4.06;-13.15,-3.34;-12.20,-2.68;-11.33,-2.06;-10.51,-1.47;-9.71,-0.90;-8.87,-0.28;-8.00,0.36;-7.10,1.05;-6.16,1.81;-5.22,2.60;:-280:2:15:10:
Spawn:18,34.01
Collision:17,34.04
Collision:12,34.04
Spawn:19,36.01
Destination:11,36.66
Destination:14,36.96
Spawn:20,38.00
Auto:38.02:4;8,-10,38.02;25,-6,28.01;35,13,18.02;-18,20,8.02;:5~13,3,-10.95,7.19,30.11,90.00,14.02;~20;-8.83,5.95;-7.44,5.16;-6.05,4.37;-4.65,3.59;-3.23,2.80;-1.80,2.02;-0.35,1.24;1.11,0.47;2.56,-0.29;4.03,-1.02;5.49,-1.75;6.96,-2.47;8.42,-3.16;9.88,-3.86;11.33,-4.53;12.75,-5.19;14.18,-5.84;15.55,-6.45;16.89,-7.04;18.24,-7.62;~15,3,-20.27,-5.73,354.04,90.00,10.01;~14;-19.58,-5.66;-19.02,-5.60;-18.47,-5.53;-17.92,-5.47;-17.36,-5.41;-16.80,-5.32;-16.23,-5.23;-15.66,-5.14;-15.09,-5.05;-14.51,-4.96;-13.93,-4.88;-13.34,-4.80;-12.75,-4.71;-12.17,-4.63;~16,1,-32.44,4.81,90.00,90.00,8.02;~41;-32.30,0.72;-32.16,-1.52;-31.96,-3.68;-31.71,-5.69;-31.41,-7.45;-31.09,-8.95;-30.77,-10.16;-30.42,-11.12;-30.03,-11.82;-29.58,-12.31;-29.03,-12.60;-28.41,-12.71;-27.71,-12.68;-26.94,-12.52;-26.11,-12.25;-25.27,-11.92;-24.45,-11.52;-23.69,-11.13;-22.99,-10.74;-22.36,-10.37;-21.80,-10.00;-21.28,-9.66;-20.79,-9.30;-20.27,-8.88;-19.69,-8.40;-18.97,-7.81;-18.14,-7.12;-17.21,-6.37;-16.22,-5.59;-15.18,-4.82;-14.14,-4.06;-13.15,-3.34;-12.20,-2.68;-11.33,-2.06;-10.51,-1.47;-9.71,-0.90;-8.87,-0.28;-8.00,0.36;-7.10,1.05;-6.16,1.81;-5.22,2.60;~19,2,36.09,19.04,11.03,270.00,2.01;~0;~20,2,-18.00,-24.00,356.55,5.51,0.02;~0;~:4;33,4,8.02;-16,1,8.02;14,-10,8.02;13,2,8.02;:3;20.13,0.00:18,-2.02,14.45,72.68,90.00,4.02,0.00:50;-2.03,14.49;-1.90,14.64;-1.71,14.83;-1.47,15.09;-1.15,15.42;-0.79,15.77;-0.40,16.16;0.02,16.56;0.47,16.98;0.94,17.41;1.44,17.85;1.98,18.31;2.54,18.78;3.12,19.24;3.72,19.72;4.33,20.18;4.95,20.63;5.57,21.06;6.21,21.49;6.89,21.90;7.57,22.30;8.28,22.68;9.02,23.03;9.79,23.34;10.60,23.61;11.45,23.81;12.31,23.91;13.18,23.90;14.03,23.78;14.83,23.50;15.60,23.09;16.31,22.54;16.94,21.85;17.50,21.05;18.00,20.12;18.44,19.08;18.82,17.95;19.15,16.75;19.43,15.51;19.67,14.20;19.85,12.86;19.99,11.51;20.09,10.17;20.14,8.84;20.15,7.52;20.12,6.23;20.05,4.96;19.95,3.72;19.79,2.49;19.62,1.33;:-290:2:15:10:
Spawn:21,40.01
Auto:40.02:5;8,-10,40.02;25,-6,30.01;35,13,20.02;-18,20,10.02;-34,19,0.02;:6~13,3,-6.79,4.79,29.64,90.00,16.02;~17;-4.65,3.59;-3.23,2.80;-1.80,2.02;-0.35,1.24;1.11,0.47;2.56,-0.29;4.03,-1.02;5.49,-1.75;6.96,-2.47;8.42,-3.16;9.88,-3.86;11.33,-4.53;12.75,-5.19;14.18,-5.84;15.55,-6.45;16.89,-7.04;18.24,-7.62;~15,3,-15.98,-5.19,350.96,90.00,12.01;~6;-15.09,-5.05;-14.51,-4.96;-13.93,-4.88;-13.34,-4.80;-12.75,-4.71;-12.17,-4.63;~16,1,-32.25,-0.03,90.00,90.00,10.02;~39;-31.96,-3.68;-31.71,-5.69;-31.41,-7.45;-31.09,-8.95;-30.77,-10.16;-30.42,-11.12;-30.03,-11.82;-29.58,-12.31;-29.03,-12.60;-28.41,-12.71;-27.71,-12.68;-26.94,-12.52;-26.11,-12.25;-25.27,-11.92;-24.45,-11.52;-23.69,-11.13;-22.99,-10.74;-22.36,-10.37;-21.80,-10.00;-21.28,-9.66;-20.79,-9.30;-20.27,-8.88;-19.69,-8.40;-18.97,-7.81;-18.14,-7.12;-17.21,-6.37;-16.22,-5.59;-15.18,-4.82;-14.14,-4.06;-13.15,-3.34;-12.20,-2.68;-11.33,-2.06;-10.51,-1.47;-9.71,-0.90;-8.87,-0.28;-8.00,0.36;-7.10,1.05;-6.16,1.81;-5.22,2.60;~18,3,0.88,17.35,317.66,90.00,6.02;~40;1.44,17.85;1.98,18.31;2.54,18.78;3.12,19.24;3.72,19.72;4.33,20.18;4.95,20.63;5.57,21.06;6.21,21.49;6.89,21.90;7.57,22.30;8.28,22.68;9.02,23.03;9.79,23.34;10.60,23.61;11.45,23.81;12.31,23.91;13.18,23.90;14.03,23.78;14.83,23.50;15.60,23.09;16.31,22.54;16.94,21.85;17.50,21.05;18.00,20.12;18.44,19.08;18.82,17.95;19.15,16.75;19.43,15.51;19.67,14.20;19.85,12.86;19.99,11.51;20.09,10.17;20.14,8.84;20.15,7.52;20.12,6.23;20.05,4.96;19.95,3.72;19.79,2.49;19.62,1.33;~20,2,-15.23,-19.84,303.64,90.00,2.02;~0;~21,4,12.00,24.00,12.43,347.06,0.02;~0;~:4;33,4,10.02;-16,1,10.02;14,-10,10.02;13,2,10.02;:2;-20.98,0.00:19,31.18,18.09,11.03,270.00,4.01,0.00:50;31.27,18.16;31.16,18.16;31.05,18.15;30.95,18.15;30.78,18.15;30.56,18.15;30.34,18.15;30.11,18.16;29.76,18.13;29.40,18.11;29.05,18.09;28.63,18.06;28.15,18.00;27.67,17.95;27.19,17.90;26.60,17.78;26.01,17.67;25.42,17.55;24.77,17.40;24.06,17.21;23.36,17.03;22.66,16.84;21.88,16.56;21.10,16.28;20.32,16.01;19.49,15.69;18.60,15.32;17.72,14.96;16.83,14.60;15.89,14.17;14.95,13.74;14.01,13.31;13.04,12.87;12.05,12.43;11.06,11.98;10.07,11.53;9.07,11.06;8.07,10.59;7.07,10.11;6.08,9.65;5.09,9.21;4.10,8.76;3.11,8.31;2.16,7.89;1.21,7.47;0.26,7.05;-0.66,6.65;-1.53,6.28;-2.41,5.91;-3.29,5.54;:-290:2:15:10:
