Auto:4.01:1;34,10,4.01;:2~2,1,-36.05,-3.12,1.40,90.00,2.00;~0;~0,2,25.00,-24.00,0.00,0.00,4.01;~0;~:4;9,6,4.01;-21,-13,4.01;13,15,4.01;2,-21,4.01;:3;20.13,0.00:1,20.76,14.08,82.89,270.00,4.01,0.00:50;20.77,14.13;20.78,14.07;20.78,14.01;20.79,13.95;20.80,13.88;20.81,13.81;20.82,13.73;20.83,13.64;20.84,13.55;20.85,13.45;20.85,13.34;20.86,13.23;20.87,13.10;20.88,12.97;20.89,12.82;20.90,12.67;20.90,12.51;20.91,12.34;20.91,12.17;20.92,11.99;20.92,11.80;20.92,11.60;20.92,11.40;20.93,11.20;20.92,10.98;20.92,10.77;20.92,10.56;20.92,10.33;20.92,10.11;20.91,9.88;20.91,9.65;20.90,9.42;20.89,9.19;20.88,8.95;20.88,8.72;20.87,8.48;20.85,8.24;20.84,8.00;20.83,7.77;20.81,7.53;20.80,7.30;20.79,7.07;20.78,6.84;20.76,6.61;20.75,6.38;20.73,6.16;20.72,5.94;20.70,5.72;20.69,5.51;20.67,5.29;:0:2:15:10:
Spawn:3,4.01
Spawn:4,6.00
Auto:6.02:1;34,10,6.02;:3~1,3,20.93,11.20,90.00,90.00,6.02;~25;20.92,10.77;20.92,10.56;20.92,10.33;20.92,10.11;20.91,9.88;20.91,9.65;20.90,9.42;20.89,9.19;20.88,8.95;20.88,8.72;20.87,8.48;20.85,8.24;20.84,8.00;20.83,7.77;20.81,7.53;20.80,7.30;20.79,7.07;20.78,6.84;20.76,6.61;20.75,6.38;20.73,6.16;20.72,5.94;20.70,5.72;20.69,5.51;20.67,5.29;~3,2,22.51,-19.72,300.20,270.00,2.01;~0;~4,3,13.00,24.00,3.50,354.49,0.02;~0;~:4;9,6,6.02;-21,-13,6.02;13,15,6.02;2,-21,6.02;:1;0.00,8.41:2,-31.05,-3.24,1.40,90.00,4.01,0.00:50;-31.07,-3.26;-31.02,-3.17;-30.96,-3.07;-30.87,-2.93;-30.74,-2.75;-30.57,-2.52;-30.36,-2.25;-30.09,-1.93;-29.76,-1.57;-29.38,-1.18;-28.94,-0.76;-28.45,-0.31;-27.89,0.16;-27.30,0.64;-26.65,1.13;-25.94,1.62;-25.20,2.11;-24.41,2.60;-23.59,3.07;-22.72,3.52;-21.83,3.95;-20.92,4.37;-20.00,4.75;-19.06,5.12;-18.13,5.46;-17.19,5.77;-16.26,6.06;-15.35,6.34;-14.45,6.59;-13.56,6.81;-12.70,7.02;-11.85,7.21;-11.03,7.38;-10.23,7.53;-9.46,7.66;-8.71,7.79;-8.00,7.89;-7.31,7.98;-6.64,8.06;-6.01,8.12;-5.40,8.17;-4.82,8.21;-4.28,8.23;-3.77,8.24;-3.30,8.24;-2.85,8.24;-2.44,8.22;-2.05,8.19;-1.69,8.16;-1.35,8.13;:0:2:15:10:
NFZEnter:4,7.98
Spawn:5,8.00
Auto:8.02:1;34,10,8.02;:4~1,3,20.81,7.38,90.00,270.00,8.02;~9;20.79,7.07;20.78,6.84;20.76,6.61;20.75,6.38;20.73,6.16;20.72,5.94;20.70,5.72;20.69,5.51;20.67,5.29;~2,1,-28.45,-0.31,317.72,90.00,6.01;~37;-27.30,0.64;-26.65,1.13;-25.94,1.62;-25.20,2.11;-24.41,2.60;-23.59,3.07;-22.72,3.52;-21.83,3.95;-20.92,4.37;-20.00,4.75;-19.06,5.12;-18.13,5.46;-17.19,5.77;-16.26,6.06;-15.35,6.34;-14.45,6.59;-13.56,6.81;-12.70,7.02;-11.85,7.21;-11.03,7.38;-10.23,7.53;-9.46,7.66;-8.71,7.79;-8.00,7.89;-7.31,7.98;-6.64,8.06;-6.01,8.12;-5.40,8.17;-4.82,8.21;-4.28,8.23;-3.77,8.24;-3.30,8.24;-2.85,8.24;-2.44,8.22;-2.05,8.19;-1.69,8.16;-1.35,8.13;~4,3,10.29,19.80,57.20,270.00,2.02;~0;~5,4,41.00,4.00,358.80,347.06,0.02;~0;~:4;9,6,8.02;-21,-13,8.02;13,15,8.02;2,-21,8.02;:2;-20.98,0.00:3,19.99,-15.40,300.20,270.00,4.01,0.00:50;20.03,-15.41;19.94,-15.35;19.84,-15.29;19.71,-15.22;19.53,-15.12;19.31,-15.00;19.04,-14.85;18.72,-14.67;18.35,-14.47;17.92,-14.24;17.43,-13.99;16.89,-13.71;16.30,-13.41;15.66,-13.09;14.98,-12.75;14.24,-12.40;13.48,-12.03;12.67,-11.65;11.84,-11.27;10.98,-10.88;10.09,-10.48;9.18,-10.09;8.26,-9.69;7.33,-9.30;6.40,-8.92;5.46,-8.54;4.52,-8.16;3.58,-7.80;2.64,-7.44;1.72,-7.10;0.80,-6.76;-0.09,-6.44;-0.97,-6.13;-1.83,-5.83;-2.67,-5.55;-3.48,-5.27;-4.28,-5.00;-5.05,-4.74;-5.81,-4.49;-6.53,-4.26;-7.24,-4.03;-7.92,-3.82;-8.57,-3.61;-9.19,-3.42;-9.79,-3.23;-10.35,-3.06;-10.89,-2.90;-11.39,-2.74;-11.86,-2.61;-12.31,-2.47;:-20:2:15:10:
Auto:9.02:1;34,10,9.02;:4~2,1,-26.66,1.12,322.76,90.00,7.01;~35;-25.94,1.62;-25.20,2.11;-24.41,2.60;-23.59,3.07;-22.72,3.52;-21.83,3.95;-20.92,4.37;-20.00,4.75;-19.06,5.12;-18.13,5.46;-17.19,5.77;-16.26,6.06;-15.35,6.34;-14.45,6.59;-13.56,6.81;-12.70,7.02;-11.85,7.21;-11.03,7.38;-10.23,7.53;-9.46,7.66;-8.71,7.79;-8.00,7.89;-7.31,7.98;-6.64,8.06;-6.01,8.12;-5.40,8.17;-4.82,8.21;-4.28,8.23;-3.77,8.24;-3.30,8.24;-2.85,8.24;-2.44,8.22;-2.05,8.19;-1.69,8.16;-1.35,8.13;~3,2,18.55,-14.58,331.54,270.01,5.01;~41;17.92,-14.24;17.43,-13.99;16.89,-13.71;16.30,-13.41;15.66,-13.09;14.98,-12.75;14.24,-12.40;13.48,-12.03;12.67,-11.65;11.84,-11.27;10.98,-10.88;10.09,-10.48;9.18,-10.09;8.26,-9.69;7.33,-9.30;6.40,-8.92;5.46,-8.54;4.52,-8.16;3.58,-7.80;2.64,-7.44;1.72,-7.10;0.80,-6.76;-0.09,-6.44;-0.97,-6.13;-1.83,-5.83;-2.67,-5.55;-3.48,-5.27;-4.28,-5.00;-5.05,-4.74;-5.81,-4.49;-6.53,-4.26;-7.24,-4.03;-7.92,-3.82;-8.57,-3.61;-9.19,-3.42;-9.79,-3.23;-10.35,-3.06;-10.89,-2.90;-11.39,-2.74;-11.86,-2.61;-12.31,-2.47;~4,3,8.94,17.70,57.20,270.00,3.02;~0;~5,4,38.58,4.35,351.68,270.01,1.01;~0;~:4;9,6,9.02;-21,-13,9.02;13,15,9.02;2,-21,9.02;:3;20.13,0.00:1,20.69,5.51,90.00,270.00,9.02,0.00:50;20.69,5.51;20.68,5.49;20.68,5.46;20.68,5.44;20.67,5.42;20.67,5.40;20.66,5.37;20.66,5.35;20.66,5.32;20.65,5.29;20.65,5.26;20.64,5.23;20.64,5.20;20.63,5.17;20.63,5.13;20.62,5.09;20.61,5.06;20.61,5.01;20.60,4.97;20.60,4.92;20.59,4.88;20.58,4.83;20.57,4.78;20.57,4.73;20.56,4.68;20.55,4.62;20.54,4.57;20.53,4.51;20.53,4.45;20.52,4.39;20.51,4.33;20.50,4.27;20.49,4.20;20.48,4.14;20.47,4.07;20.47,4.00;20.46,3.94;20.45,3.87;20.44,3.80;20.43,3.73;20.42,3.65;20.41,3.58;20.41,3.51;20.40,3.43;20.39,3.36;20.38,3.28;20.37,3.20;20.36,3.13;20.36,3.05;20.35,2.98;:-30:2:15:10:
NFZExit:4,9.60
Spawn:6,10.00
Auto:10.02:2;34,10,10.02;-24,-10,0.02;:5~1,3,20.57,4.73,81.50,270.01,10.02;~26;20.56,4.68;20.55,4.62;20.54,4.57;20.53,4.51;20.53,4.45;20.52,4.39;20.51,4.33;20.50,4.27;20.49,4.20;20.48,4.14;20.47,4.07;20.47,4.00;20.46,3.94;20.45,3.87;20.44,3.80;20.43,3.73;20.42,3.65;20.41,3.58;20.41,3.51;20.40,3.43;20.39,3.36;20.38,3.28;20.37,3.20;20.36,3.13;20.36,3.05;20.35,2.98;~2,1,-24.78,2.38,328.03,90.00,8.01;~32;-23.59,3.07;-22.72,3.52;-21.83,3.95;-20.92,4.37;-20.00,4.75;-19.06,5.12;-18.13,5.46;-17.19,5.77;-16.26,6.06;-15.35,6.34;-14.45,6.59;-13.56,6.81;-12.70,7.02;-11.85,7.21;-11.03,7.38;-10.23,7.53;-9.46,7.66;-8.71,7.79;-8.00,7.89;-7.31,7.98;-6.64,8.06;-6.01,8.12;-5.40,8.17;-4.82,8.21;-4.28,8.23;-3.77,8.24;-3.30,8.24;-2.85,8.24;-2.44,8.22;-2.05,8.19;-1.69,8.16;-1.35,8.13;~3,2,16.58,-13.55,333.02,270.00,6.01;~37;15.66,-13.09;14.98,-12.75;14.24,-12.40;13.48,-12.03;12.67,-11.65;11.84,-11.27;10.98,-10.88;10.09,-10.48;9.18,-10.09;8.26,-9.69;7.33,-9.30;6.40,-8.92;5.46,-8.54;4.52,-8.16;3.58,-7.80;2.64,-7.44;1.72,-7.10;0.80,-6.76;-0.09,-6.44;-0.97,-6.13;-1.83,-5.83;-2.67,-5.55;-3.48,-5.27;-4.28,-5.00;-5.05,-4.74;-5.81,-4.49;-6.53,-4.26;-7.24,-4.03;-7.92,-3.82;-8.57,-3.61;-9.19,-3.42;-9.79,-3.23;-10.35,-3.06;-10.89,-2.90;-11.39,-2.74;-11.86,-2.61;-12.31,-2.47;~5,4,36.10,4.72,351.68,270.00,2.02;~0;~6,3,28.00,24.00,7.23,347.06,0.02;~0;~:4;9,6,10.02;-21,-13,10.02;13,15,10.02;2,-21,10.02;:3;20.13,0.00:4,7.58,15.59,57.20,270.00,4.02,0.00:50;7.57,15.63;7.61,15.55;7.65,15.48;7.71,15.39;7.77,15.29;7.84,15.17;7.92,15.04;8.02,14.88;8.13,14.71;8.26,14.51;8.40,14.29;8.56,14.06;8.73,13.80;8.91,13.54;9.10,13.25;9.31,12.95;9.52,12.64;9.76,12.32;10.00,11.98;10.24,11.65;10.51,11.30;10.78,10.94;11.06,10.59;11.35,10.22;11.65,9.85;11.96,9.47;12.28,9.10;12.61,8.71;12.94,8.33;13.27,7.95;13.61,7.57;13.96,7.19;14.31,6.82;14.66,6.45;15.00,6.09;15.35,5.73;15.70,5.38;16.04,5.03;16.38,4.69;16.72,4.36;17.05,4.03;17.38,3.72;17.70,3.41;18.02,3.11;18.33,2.82;18.63,2.54;18.92,2.27;19.20,2.01;19.48,1.76;19.75,1.51;:-30:2:15:10:
NFZEnter:4,10.78
Auto:11.53:2;34,10,11.53;-24,-10,1.53;:5~2,1,-21.69,4.02,334.77,90.00,9.52;~28;-20.00,4.75;-19.06,5.12;-18.13,5.46;-17.19,5.77;-16.26,6.06;-15.35,6.34;-14.45,6.59;-13.56,6.81;-12.70,7.02;-11.85,7.21;-11.03,7.38;-10.23,7.53;-9.46,7.66;-8.71,7.79;-8.00,7.89;-7.31,7.98;-6.64,8.06;-6.01,8.12;-5.40,8.17;-4.82,8.21;-4.28,8.23;-3.77,8.24;-3.30,8.24;-2.85,8.24;-2.44,8.22;-2.05,8.19;-1.69,8.16;-1.35,8.13;~3,2,13.48,-12.03,334.36,270.00,7.52;~33;12.67,-11.65;11.84,-11.27;10.98,-10.88;10.09,-10.48;9.18,-10.09;8.26,-9.69;7.33,-9.30;6.40,-8.92;5.46,-8.54;4.52,-8.16;3.58,-7.80;2.64,-7.44;1.72,-7.10;0.80,-6.76;-0.09,-6.44;-0.97,-6.13;-1.83,-5.83;-2.67,-5.55;-3.48,-5.27;-4.28,-5.00;-5.05,-4.74;-5.81,-4.49;-6.53,-4.26;-7.24,-4.03;-7.92,-3.82;-8.57,-3.61;-9.19,-3.42;-9.79,-3.23;-10.35,-3.06;-10.89,-2.90;-11.39,-2.74;-11.86,-2.61;-12.31,-2.47;~4,3,8.96,13.45,56.14,90.00,5.53;~35;9.31,12.95;9.52,12.64;9.76,12.32;10.00,11.98;10.24,11.65;10.51,11.30;10.78,10.94;11.06,10.59;11.35,10.22;11.65,9.85;11.96,9.47;12.28,9.10;12.61,8.71;12.94,8.33;13.27,7.95;13.61,7.57;13.96,7.19;14.31,6.82;14.66,6.45;15.00,6.09;15.35,5.73;15.70,5.38;16.04,5.03;16.38,4.69;16.72,4.36;17.05,4.03;17.38,3.72;17.70,3.41;18.02,3.11;18.33,2.82;18.63,2.54;18.92,2.27;19.20,2.01;19.48,1.76;19.75,1.51;~5,4,32.34,5.27,351.68,270.00,3.52;~0;~6,3,25.57,21.08,50.25,270.00,1.53;~0;~:4;9,6,11.53;-21,-13,11.53;13,15,11.53;2,-21,11.53;:3;20.13,0.00:1,20.36,3.05,83.70,270.00,11.53,0.00:50;20.37,3.01;20.37,2.99;20.37,2.98;20.37,2.96;20.37,2.95;20.37,2.93;20.37,2.92;20.36,2.90;20.36,2.89;20.36,2.87;20.36,2.85;20.36,2.84;20.36,2.82;20.36,2.80;20.36,2.78;20.36,2.76;20.36,2.74;20.36,2.71;20.36,2.69;20.36,2.67;20.36,2.64;20.36,2.61;20.35,2.59;20.35,2.56;20.35,2.53;20.35,2.50;20.35,2.47;20.35,2.44;20.35,2.41;20.34,2.38;20.34,2.35;20.34,2.32;20.34,2.29;20.34,2.25;20.33,2.22;20.33,2.18;20.33,2.15;20.33,2.12;20.33,2.08;20.32,2.05;20.32,2.01;20.32,1.98;20.32,1.94;20.32,1.90;20.31,1.87;20.31,1.83;20.31,1.79;20.31,1.76;20.31,1.72;20.30,1.69;:-50:2:15:10:
Destination:1,11.90
Spawn:7,12.00
Auto:12.02:2;34,10,12.02;-24,-10,2.02;:6~1,3,20.36,2.85,90.00,268.78,12.02;~38;20.36,2.82;20.36,2.80;20.36,2.78;20.36,2.76;20.36,2.74;20.36,2.71;20.36,2.69;20.36,2.67;20.36,2.64;20.36,2.61;20.35,2.59;20.35,2.56;20.35,2.53;20.35,2.50;20.35,2.47;20.35,2.44;20.35,2.41;20.34,2.38;20.34,2.35;20.34,2.32;20.34,2.29;20.34,2.25;20.33,2.22;20.33,2.18;20.33,2.15;20.33,2.12;20.33,2.08;20.32,2.05;20.32,2.01;20.32,1.98;20.32,1.94;20.32,1.90;20.31,1.87;20.31,1.83;20.31,1.79;20.31,1.76;20.31,1.72;20.30,1.69;~2,1,-20.69,4.47,336.79,90.00,10.01;~27;-19.06,5.12;-18.13,5.46;-17.19,5.77;-16.26,6.06;-15.35,6.34;-14.45,6.59;-13.56,6.81;-12.70,7.02;-11.85,7.21;-11.03,7.38;-10.23,7.53;-9.46,7.66;-8.71,7.79;-8.00,7.89;-7.31,7.98;-6.64,8.06;-6.01,8.12;-5.40,8.17;-4.82,8.21;-4.28,8.23;-3.77,8.24;-3.30,8.24;-2.85,8.24;-2.44,8.22;-2.05,8.19;-1.69,8.16;-1.35,8.13;~3,2,12.53,-11.59,335.09,270.00,8.01;~31;10.98,-10.88;10.09,-10.48;9.18,-10.09;8.26,-9.69;7.33,-9.30;6.40,-8.92;5.46,-8.54;4.52,-8.16;3.58,-7.80;2.64,-7.44;1.72,-7.10;0.80,-6.76;-0.09,-6.44;-0.97,-6.13;-1.83,-5.83;-2.67,-5.55;-3.48,-5.27;-4.28,-5.00;-5.05,-4.74;-5.81,-4.49;-6.53,-4.26;-7.24,-4.03;-7.92,-3.82;-8.57,-3.61;-9.19,-3.42;-9.79,-3.23;-10.35,-3.06;-10.89,-2.90;-11.39,-2.74;-11.86,-2.61;-12.31,-2.47;~4,3,9.52,12.64,54.86,90.00,6.02;~32;10.00,11.98;10.24,11.65;10.51,11.30;10.78,10.94;11.06,10.59;11.35,10.22;11.65,9.85;11.96,9.47;12.28,9.10;12.61,8.71;12.94,8.33;13.27,7.95;13.61,7.57;13.96,7.19;14.31,6.82;14.66,6.45;15.00,6.09;15.35,5.73;15.70,5.38;16.04,5.03;16.38,4.69;16.72,4.36;17.05,4.03;17.38,3.72;17.70,3.41;18.02,3.11;18.33,2.82;18.63,2.54;18.92,2.27;19.20,2.01;19.48,1.76;19.75,1.51;~6,3,24.80,20.16,50.25,270.00,2.02;~0;~7,4,-41.00,12.00,2.06,12.94,0.02;~0;~:4;9,6,12.02;-21,-13,12.02;13,15,12.02;2,-21,12.02;:4;0.00,-10.05:5,31.15,5.44,351.68,270.00,4.02,0.00:50;31.17,5.43;31.09,5.40;30.99,5.37;30.85,5.33;30.67,5.29;30.44,5.23;30.18,5.17;29.87,5.09;29.52,4.99;29.13,4.88;28.70,4.76;28.24,4.63;27.76,4.49;27.24,4.34;26.70,4.19;26.13,4.02;25.56,3.86;24.96,3.68;24.36,3.49;23.75,3.29;23.14,3.08;22.53,2.85;21.91,2.61;21.29,2.35;20.67,2.08;20.05,1.79;19.44,1.49;18.84,1.18;18.25,0.87;17.67,0.55;17.10,0.25;16.55,-0.06;16.02,-0.36;15.50,-0.65;15.00,-0.94;14.51,-1.23;14.04,-1.51;13.59,-1.78;13.17,-2.04;12.76,-2.30;12.38,-2.54;12.01,-2.77;11.67,-2.99;11.34,-3.20;11.04,-3.40;10.76,-3.59;10.50,-3.76;10.25,-3.93;10.03,-4.08;9.81,-4.21;:40:2:15:10:
NFZEnter:4,13.04
NFZExit:4,13.46
Auto:14.01:2;34,10,14.01;-24,-10,4.01;:6~2,1,-16.29,6.06,342.67,90.00,12.00;~23;-15.35,6.34;-14.45,6.59;-13.56,6.81;-12.70,7.02;-11.85,7.21;-11.03,7.38;-10.23,7.53;-9.46,7.66;-8.71,7.79;-8.00,7.89;-7.31,7.98;-6.64,8.06;-6.01,8.12;-5.40,8.17;-4.82,8.21;-4.28,8.23;-3.77,8.24;-3.30,8.24;-2.85,8.24;-2.44,8.22;-2.05,8.19;-1.69,8.16;-1.35,8.13;~3,2,8.26,-9.69,336.67,270.00,10.00;~26;6.40,-8.92;5.46,-8.54;4.52,-8.16;3.58,-7.80;2.64,-7.44;1.72,-7.10;0.80,-6.76;-0.09,-6.44;-0.97,-6.13;-1.83,-5.83;-2.67,-5.55;-3.48,-5.27;-4.28,-5.00;-5.05,-4.74;-5.81,-4.49;-6.53,-4.26;-7.24,-4.03;-7.92,-3.82;-8.57,-3.61;-9.19,-3.42;-9.79,-3.23;-10.35,-3.06;-10.89,-2.90;-11.39,-2.74;-11.86,-2.61;-12.31,-2.47;~4,3,12.19,9.21,50.14,90.00,8.01;~23;12.61,8.71;12.94,8.33;13.27,7.95;13.61,7.57;13.96,7.19;14.31,6.82;14.66,6.45;15.00,6.09;15.35,5.73;15.70,5.38;16.04,5.03;16.38,4.69;16.72,4.36;17.05,4.03;17.38,3.72;17.70,3.41;18.02,3.11;18.33,2.82;18.63,2.54;18.92,2.27;19.20,2.01;19.48,1.76;19.75,1.51;~5,4,27.47,4.41,15.96,270.00,6.01;~36;26.70,4.19;26.13,4.02;25.56,3.86;24.96,3.68;24.36,3.49;23.75,3.29;23.14,3.08;22.53,2.85;21.91,2.61;21.29,2.35;20.67,2.08;20.05,1.79;19.44,1.49;18.84,1.18;18.25,0.87;17.67,0.55;17.10,0.25;16.55,-0.06;16.02,-0.36;15.50,-0.65;15.00,-0.94;14.51,-1.23;14.04,-1.51;13.59,-1.78;13.17,-2.04;12.76,-2.30;12.38,-2.54;12.01,-2.77;11.67,-2.99;11.34,-3.20;11.04,-3.40;10.76,-3.59;10.50,-3.76;10.25,-3.93;10.03,-4.08;9.81,-4.21;~7,4,-36.16,10.76,14.35,90.00,2.01;~0;~0,1,41.00,1.00,0.00,0.00,14.01;~0;~:4;9,6,14.01;-21,-13,14.01;13,15,14.01;2,-21,14.01;:3;20.13,0.00:6,21.61,16.31,50.25,270.00,4.01,0.00:50;21.61,16.32;21.61,16.25;21.61,16.19;21.62,16.11;21.62,16.03;21.62,15.94;21.62,15.82;21.62,15.69;21.61,15.55;21.61,15.39;21.61,15.21;21.61,15.01;21.60,14.80;21.59,14.56;21.59,14.32;21.58,14.06;21.56,13.76;21.55,13.45;21.53,13.14;21.51,12.81;21.49,12.45;21.47,12.09;21.44,11.72;21.41,11.34;21.38,10.95;21.35,10.55;21.31,10.14;21.28,9.72;21.24,9.30;21.20,8.88;21.15,8.46;21.11,8.03;21.06,7.59;21.01,7.17;20.96,6.74;20.91,6.31;20.86,5.88;20.81,5.46;20.75,5.04;20.70,4.63;20.65,4.22;20.59,3.81;20.54,3.41;20.48,3.02;20.43,2.64;20.38,2.26;20.33,1.89;20.28,1.53;20.23,1.18;20.18,0.83;:10:2:15:10:
Spawn:8,14.01
Manual:14.88:2;34,10,14.88;-24,-10,4.88;:6~2,1,-14.45,6.59,344.80,90.00,12.87;~20;-12.70,7.02;-11.85,7.21;-11.03,7.38;-10.23,7.53;-9.46,7.66;-8.71,7.79;-8.00,7.89;-7.31,7.98;-6.64,8.06;-6.01,8.12;-5.40,8.17;-4.82,8.21;-4.28,8.23;-3.77,8.24;-3.30,8.24;-2.85,8.24;-2.44,8.22;-2.05,8.19;-1.69,8.16;-1.35,8.13;~3,2,6.41,-8.92,337.59,270.00,10.87;~25;5.46,-8.54;4.52,-8.16;3.58,-7.80;2.64,-7.44;1.72,-7.10;0.80,-6.76;-0.09,-6.44;-0.97,-6.13;-1.83,-5.83;-2.67,-5.55;-3.48,-5.27;-4.28,-5.00;-5.05,-4.74;-5.81,-4.49;-6.53,-4.26;-7.24,-4.03;-7.92,-3.82;-8.57,-3.61;-9.19,-3.42;-9.79,-3.23;-10.35,-3.06;-10.89,-2.90;-11.39,-2.74;-11.86,-2.61;-12.31,-2.47;~4,3,13.37,7.84,48.37,90.00,8.88;~19;13.96,7.19;14.31,6.82;14.66,6.45;15.00,6.09;15.35,5.73;15.70,5.38;16.04,5.03;16.38,4.69;16.72,4.36;17.05,4.03;17.38,3.72;17.70,3.41;18.02,3.11;18.33,2.82;18.63,2.54;18.92,2.27;19.20,2.01;19.48,1.76;19.75,1.51;~6,3,21.61,15.16,90.00,271.66,4.88;~38;21.60,14.80;21.59,14.56;21.59,14.32;21.58,14.06;21.56,13.76;21.55,13.45;21.53,13.14;21.51,12.81;21.49,12.45;21.47,12.09;21.44,11.72;21.41,11.34;21.38,10.95;21.35,10.55;21.31,10.14;21.28,9.72;21.24,9.30;21.20,8.88;21.15,8.46;21.11,8.03;21.06,7.59;21.01,7.17;20.96,6.74;20.91,6.31;20.86,5.88;20.81,5.46;20.75,5.04;20.70,4.63;20.65,4.22;20.59,3.81;20.54,3.41;20.48,3.02;20.43,2.64;20.38,2.26;20.33,1.89;20.28,1.53;20.23,1.18;20.18,0.83;~7,4,-34.07,10.23,14.35,90.00,2.88;~0;~8,1,38.90,1.13,356.52,270.02,0.87;~0;~:4;9,6,14.88;-21,-13,14.88;13,15,14.88;2,-21,14.88;:4;0.00,-10.05:5,26.60,4.16,344.48,87.28,6.88,0.48:16;26.70,4.19;26.79,4.10;26.93,3.92;27.14,3.66;27.38,3.31;27.65,2.90;27.93,2.45;28.20,1.97;28.46,1.49;28.70,1.02;28.91,0.58;29.09,0.17;29.25,-0.19;29.37,-0.51;29.48,-0.77;29.56,-0.99;:10:2:15:10:
NFZEnter:4,15.02
NFZExit:4,15.02
Auto:16.01:2;34,10,16.01;-24,-10,6.01;:7~2,1,-11.85,7.21,347.43,90.00,14.00;~17;-10.23,7.53;-9.46,7.66;-8.71,7.79;-8.00,7.89;-7.31,7.98;-6.64,8.06;-6.01,8.12;-5.40,8.17;-4.82,8.21;-4.28,8.23;-3.77,8.24;-3.30,8.24;-2.85,8.24;-2.44,8.22;-2.05,8.19;-1.69,8.16;-1.35,8.13;~3,2,4.01,-7.96,338.70,270.00,12.00;~22;2.64,-7.44;1.72,-7.10;0.80,-6.76;-0.09,-6.44;-0.97,-6.13;-1.83,-5.83;-2.67,-5.55;-3.48,-5.27;-4.28,-5.00;-5.05,-4.74;-5.81,-4.49;-6.53,-4.26;-7.24,-4.03;-7.92,-3.82;-8.57,-3.61;-9.19,-3.42;-9.79,-3.23;-10.35,-3.06;-10.89,-2.90;-11.39,-2.74;-11.86,-2.61;-12.31,-2.47;~4,3,15.00,6.09,46.39,90.00,10.01;~14;15.70,5.38;16.04,5.03;16.38,4.69;16.72,4.36;17.05,4.03;17.38,3.72;17.70,3.41;18.02,3.11;18.33,2.82;18.63,2.54;18.92,2.27;19.20,2.01;19.48,1.76;19.75,1.51;~5,4,27.98,2.36,58.87,90.00,8.00;~8;28.46,1.49;28.70,1.02;28.91,0.58;29.09,0.17;29.25,-0.19;29.37,-0.51;29.48,-0.77;29.56,-0.99;~6,3,21.52,12.89,90.00,270.00,6.01;~30;21.49,12.45;21.47,12.09;21.44,11.72;21.41,11.34;21.38,10.95;21.35,10.55;21.31,10.14;21.28,9.72;21.24,9.30;21.20,8.88;21.15,8.46;21.11,8.03;21.06,7.59;21.01,7.17;20.96,6.74;20.91,6.31;20.86,5.88;20.81,5.46;20.75,5.04;20.70,4.63;20.65,4.22;20.59,3.81;20.54,3.41;20.48,3.02;20.43,2.64;20.38,2.26;20.33,1.89;20.28,1.53;20.23,1.18;20.18,0.83;~8,1,36.06,1.30,356.52,270.00,2.00;~0;~0,3,-2.00,-24.00,0.00,0.00,16.01;~0;~:4;20,-12,0.99;-25,19,0.99;11,7,0.99;8,0,0.99;:4;0.00,-10.05:7,-31.31,9.52,14.35,90.00,4.01,0.00:50;-31.34,9.53;-31.25,9.46;-31.16,9.37;-31.03,9.25;-30.86,9.09;-30.64,8.89;-30.38,8.65;-30.08,8.37;-29.74,8.05;-29.34,7.70;-28.90,7.30;-28.42,6.88;-27.91,6.44;-27.36,5.98;-26.77,5.49;-26.16,4.99;-25.52,4.49;-24.85,3.97;-24.17,3.45;-23.45,2.93;-22.72,2.41;-21.98,1.89;-21.21,1.38;-20.43,0.87;-19.64,0.37;-18.85,-0.13;-18.04,-0.61;-17.22,-1.09;-16.40,-1.55;-15.57,-2.01;-14.75,-2.46;-13.95,-2.89;-13.14,-3.31;-12.35,-3.72;-11.57,-4.12;-10.80,-4.51;-10.04,-4.90;-9.31,-5.26;-8.59,-5.62;-7.89,-5.97;-7.22,-6.31;-6.56,-6.63;-5.93,-6.94;-5.31,-7.24;-4.72,-7.53;-4.16,-7.81;-3.62,-8.07;-3.11,-8.32;-2.62,-8.56;-2.14,-8.79;:-20:2:15:10:
Spawn:9,16.01
NFZExit:4,16.54
Manual:17.61:2;34,10,17.61;-24,-10,7.61;:7~2,1,-8.27,7.85,351.52,90.00,15.60;~13;-7.31,7.98;-6.64,8.06;-6.01,8.12;-5.40,8.17;-4.82,8.21;-4.28,8.23;-3.77,8.24;-3.30,8.24;-2.85,8.24;-2.44,8.22;-2.05,8.19;-1.69,8.16;-1.35,8.13;~3,2,0.57,-6.68,340.16,270.00,13.60;~18;-0.97,-6.13;-1.83,-5.83;-2.67,-5.55;-3.48,-5.27;-4.28,-5.00;-5.05,-4.74;-5.81,-4.49;-6.53,-4.26;-7.24,-4.03;-7.92,-3.82;-8.57,-3.61;-9.19,-3.42;-9.79,-3.23;-10.35,-3.06;-10.89,-2.90;-11.39,-2.74;-11.86,-2.61;-12.31,-2.47;~4,3,17.49,3.61,43.92,90.00,11.61;~7;18.02,3.11;18.33,2.82;18.63,2.54;18.92,2.27;19.20,2.01;19.48,1.76;19.75,1.51;~5,4,29.48,-0.77,68.92,90.00,9.61;~0;~6,3,21.27,9.62,90.00,270.00,7.61;~21;21.20,8.88;21.15,8.46;21.11,8.03;21.06,7.59;21.01,7.17;20.96,6.74;20.91,6.31;20.86,5.88;20.81,5.46;20.75,5.04;20.70,4.63;20.65,4.22;20.59,3.81;20.54,3.41;20.48,3.02;20.43,2.64;20.38,2.26;20.33,1.89;20.28,1.53;20.23,1.18;20.18,0.83;~7,4,-29.08,7.46,41.66,90.00,5.61;~39;-28.42,6.88;-27.91,6.44;-27.36,5.98;-26.77,5.49;-26.16,4.99;-25.52,4.49;-24.85,3.97;-24.17,3.45;-23.45,2.93;-22.72,2.41;-21.98,1.89;-21.21,1.38;-20.43,0.87;-19.64,0.37;-18.85,-0.13;-18.04,-0.61;-17.22,-1.09;-16.40,-1.55;-15.57,-2.01;-14.75,-2.46;-13.95,-2.89;-13.14,-3.31;-12.35,-3.72;-11.57,-4.12;-10.80,-4.51;-10.04,-4.90;-9.31,-5.26;-8.59,-5.62;-7.89,-5.97;-7.22,-6.31;-6.56,-6.63;-5.93,-6.94;-5.31,-7.24;-4.72,-7.53;-4.16,-7.81;-3.62,-8.07;-3.11,-8.32;-2.62,-8.56;-2.14,-8.79;~9,3,-1.75,-20.06,273.57,90.00,1.60;~0;~:4;20,-12,2.59;-25,19,2.59;11,7,2.59;8,0,2.59;:1;0.00,8.41:8,34.56,1.39,3.48,89.98,3.60,1.03:49;34.66,1.39;34.63,1.50;34.59,1.65;34.50,1.91;34.38,2.25;34.24,2.65;34.08,3.09;33.92,3.55;33.75,4.04;33.59,4.54;33.43,5.04;33.29,5.52;33.16,5.98;33.05,6.42;32.95,6.83;32.87,7.20;32.80,7.54;32.75,7.86;32.71,8.16;32.68,8.44;32.66,8.72;32.63,8.97;32.61,9.21;32.57,9.44;32.50,9.66;32.36,9.86;32.11,10.05;31.61,10.22;30.84,10.37;29.80,10.50;28.45,10.60;26.78,10.68;24.59,10.73;22.05,10.75;19.23,10.76;16.26,10.74;13.27,10.70;10.37,10.65;7.67,10.58;5.23,10.51;3.09,10.45;1.26,10.38;-0.27,10.32;-1.50,10.27;-2.47,10.24;-3.24,10.21;-3.86,10.17;-4.29,10.12;-4.56,10.07;:-20:2:15:10:
Spawn:10,18.01
Destination:4,18.36
Destination:2,19.70
Auto:20.01:3;34,10,20.01;-24,-10,10.01;-33,-14,20.01;:8~2,1,-2.95,8.24,0.74,90.00,18.00;~4;-2.44,8.22;-2.05,8.19;-1.69,8.16;-1.35,8.13;~3,2,-4.71,-4.86,341.56,270.00,16.00;~12;-5.81,-4.49;-6.53,-4.26;-7.24,-4.03;-7.92,-3.82;-8.57,-3.61;-9.19,-3.42;-9.79,-3.23;-10.35,-3.06;-10.89,-2.90;-11.39,-2.74;-11.86,-2.61;-12.31,-2.47;~5,4,31.52,-6.34,69.80,90.00,12.01;~0;~6,3,20.69,4.53,90.00,270.00,10.01;~9;20.59,3.81;20.54,3.41;20.48,3.02;20.43,2.64;20.38,2.26;20.33,1.89;20.28,1.53;20.23,1.18;20.18,0.83;~7,4,-24.85,3.97,37.82,90.00,8.01;~31;-23.45,2.93;-22.72,2.41;-21.98,1.89;-21.21,1.38;-20.43,0.87;-19.64,0.37;-18.85,-0.13;-18.04,-0.61;-17.22,-1.09;-16.40,-1.55;-15.57,-2.01;-14.75,-2.46;-13.95,-2.89;-13.14,-3.31;-12.35,-3.72;-11.57,-4.12;-10.80,-4.51;-10.04,-4.90;-9.31,-5.26;-8.59,-5.62;-7.89,-5.97;-7.22,-6.31;-6.56,-6.63;-5.93,-6.94;-5.31,-7.24;-4.72,-7.53;-4.16,-7.81;-3.62,-8.07;-3.11,-8.32;-2.62,-8.56;-2.14,-8.79;~8,1,33.16,5.98,285.77,270.00,6.00;~35;32.95,6.83;32.87,7.20;32.80,7.54;32.75,7.86;32.71,8.16;32.68,8.44;32.66,8.72;32.63,8.97;32.61,9.21;32.57,9.44;32.50,9.66;32.36,9.86;32.11,10.05;31.61,10.22;30.84,10.37;29.80,10.50;28.45,10.60;26.78,10.68;24.59,10.73;22.05,10.75;19.23,10.76;16.26,10.74;13.27,10.70;10.37,10.65;7.67,10.58;5.23,10.51;3.09,10.45;1.26,10.38;-0.27,10.32;-1.50,10.27;-2.47,10.24;-3.24,10.21;-3.86,10.17;-4.29,10.12;-4.56,10.07;~10,4,0.06,19.50,65.42,90.00,2.00;~0;~0,3,41.00,-5.00,0.00,0.00,20.01;~0;~:4;20,-12,5.00;-25,19,5.00;11,7,5.00;8,0,5.00;:3;20.13,0.00:9,-1.38,-14.07,273.57,90.00,4.00,0.00:50;-1.38,-14.07;-1.36,-14.00;-1.33,-13.94;-1.30,-13.86;-1.25,-13.76;-1.19,-13.64;-1.12,-13.49;-1.03,-13.33;-0.93,-13.14;-0.81,-12.94;-0.67,-12.72;-0.51,-12.49;-0.34,-12.25;-0.14,-12.00;0.07,-11.74;0.29,-11.47;0.53,-11.19;0.78,-10.92;1.05,-10.63;1.33,-10.35;1.62,-10.06;1.92,-9.77;2.23,-9.48;2.56,-9.20;2.89,-8.93;3.23,-8.66;3.58,-8.40;3.93,-8.15;4.29,-7.91;4.67,-7.68;5.06,-7.46;5.46,-7.25;5.88,-7.06;6.30,-6.87;6.72,-6.69;7.15,-6.53;7.58,-6.38;8.00,-6.24;8.42,-6.12;8.83,-6.01;9.23,-5.91;9.61,-5.82;9.98,-5.74;10.34,-5.67;10.67,-5.60;10.99,-5.54;11.29,-5.46;11.57,-5.38;11.83,-5.30;12.08,-5.20;:180:2:15:10:
Spawn:11,20.01
Destination:6,20.80
Manual:20.85:3;34,10,20.85;-24,-10,10.85;-33,-14,0.84;:7~3,2,-6.53,-4.26,342.12,270.00,16.84;~9;-7.92,-3.82;-8.57,-3.61;-9.19,-3.42;-9.79,-3.23;-10.35,-3.06;-10.89,-2.90;-11.39,-2.74;-11.86,-2.61;-12.31,-2.47;~5,4,32.25,-8.31,69.80,90.00,12.85;~0;~6,3,20.45,2.77,90.00,270.00,10.85;~5;20.38,2.26;20.33,1.89;20.28,1.53;20.23,1.18;20.18,0.83;~7,4,-23.33,2.84,35.77,90.00,8.85;~29;-21.98,1.89;-21.21,1.38;-20.43,0.87;-19.64,0.37;-18.85,-0.13;-18.04,-0.61;-17.22,-1.09;-16.40,-1.55;-15.57,-2.01;-14.75,-2.46;-13.95,-2.89;-13.14,-3.31;-12.35,-3.72;-11.57,-4.12;-10.80,-4.51;-10.04,-4.90;-9.31,-5.26;-8.59,-5.62;-7.89,-5.97;-7.22,-6.31;-6.56,-6.63;-5.93,-6.94;-5.31,-7.24;-4.72,-7.53;-4.16,-7.81;-3.62,-8.07;-3.11,-8.32;-2.62,-8.56;-2.14,-8.79;~8,1,32.78,7.69,280.19,270.00,6.84;~31;32.71,8.16;32.68,8.44;32.66,8.72;32.63,8.97;32.61,9.21;32.57,9.44;32.50,9.66;32.36,9.86;32.11,10.05;31.61,10.22;30.84,10.37;29.80,10.50;28.45,10.60;26.78,10.68;24.59,10.73;22.05,10.75;19.23,10.76;16.26,10.74;13.27,10.70;10.37,10.65;7.67,10.58;5.23,10.51;3.09,10.45;1.26,10.38;-0.27,10.32;-1.50,10.27;-2.47,10.24;-3.24,10.21;-3.86,10.17;-4.29,10.12;-4.56,10.07;~10,4,0.93,17.59,65.42,90.00,2.84;~0;~11,3,39.00,-4.56,347.64,270.03,0.84;~0;~:4;20,-12,5.84;-25,19,5.84;11,7,5.84;8,0,5.84;:3;20.13,0.00:9,-1.33,-13.94,64.58,269.56,4.84,0.66:29;-1.34,-13.96;-1.17,-13.99;-1.02,-14.00;-0.68,-14.01;-0.15,-14.00;0.60,-13.94;1.57,-13.82;2.80,-13.60;4.18,-13.31;5.65,-12.95;7.13,-12.52;8.57,-12.06;9.95,-11.52;11.24,-10.94;12.44,-10.30;13.53,-9.62;14.50,-8.92;15.36,-8.15;16.09,-7.36;16.71,-6.58;17.22,-5.82;17.63,-5.09;17.94,-4.42;18.18,-3.81;18.35,-3.27;18.45,-2.79;18.51,-2.37;18.52,-2.00;18.50,-1.70;:280:2:15:10:
Bonus:8,20.96
Auto:22.01:2;-24,-10,12.01;-33,-14,2.00;:7~3,2,-9.05,-3.46,342.66,270.00,18.00;~6;-9.79,-3.23;-10.35,-3.06;-10.89,-2.90;-11.39,-2.74;-11.86,-2.61;-12.31,-2.47;~5,4,33.25,-11.03,69.80,90.00,14.01;~0;~7,4,-21.17,1.35,33.70,90.00,10.01;~26;-19.64,0.37;-18.85,-0.13;-18.04,-0.61;-17.22,-1.09;-16.40,-1.55;-15.57,-2.01;-14.75,-2.46;-13.95,-2.89;-13.14,-3.31;-12.35,-3.72;-11.57,-4.12;-10.80,-4.51;-10.04,-4.90;-9.31,-5.26;-8.59,-5.62;-7.89,-5.97;-7.22,-6.31;-6.56,-6.63;-5.93,-6.94;-5.31,-7.24;-4.72,-7.53;-4.16,-7.81;-3.62,-8.07;-3.11,-8.32;-2.62,-8.56;-2.14,-8.79;~8,1,32.36,9.86,301.21,270.00,8.00;~22;31.61,10.22;30.84,10.37;29.80,10.50;28.45,10.60;26.78,10.68;24.59,10.73;22.05,10.75;19.23,10.76;16.26,10.74;13.27,10.70;10.37,10.65;7.67,10.58;5.23,10.51;3.09,10.45;1.26,10.38;-0.27,10.32;-1.50,10.27;-2.47,10.24;-3.24,10.21;-3.86,10.17;-4.29,10.12;-4.56,10.07;~9,3,1.00,-13.89,353.34,90.01,6.00;~22;2.80,-13.60;4.18,-13.31;5.65,-12.95;7.13,-12.52;8.57,-12.06;9.95,-11.52;11.24,-10.94;12.44,-10.30;13.53,-9.62;14.50,-8.92;15.36,-8.15;16.09,-7.36;16.71,-6.58;17.22,-5.82;17.63,-5.09;17.94,-4.42;18.18,-3.81;18.35,-3.27;18.45,-2.79;18.51,-2.37;18.52,-2.00;18.50,-1.70;~11,3,36.16,-3.94,347.63,270.00,2.00;~0;~0,3,-41.00,-3.00,0.00,0.00,22.01;~0;~:4;20,-12,7.00;-25,19,7.00;11,7,7.00;8,0,7.00;:4;0.00,-10.05:10,2.14,14.95,65.42,90.00,4.00,0.00:50;2.13,14.97;2.09,14.88;2.06,14.79;2.03,14.68;1.99,14.56;1.94,14.41;1.88,14.24;1.81,14.03;1.73,13.79;1.65,13.53;1.55,13.22;1.46,12.89;1.35,12.52;1.24,12.12;1.14,11.69;1.02,11.23;0.91,10.74;0.80,10.22;0.69,9.68;0.58,9.11;0.47,8.52;0.37,7.91;0.27,7.29;0.17,6.65;0.08,6.00;0.00,5.34;-0.08,4.67;-0.16,4.00;-0.23,3.32;-0.29,2.64;-0.35,1.96;-0.40,1.29;-0.45,0.63;-0.49,-0.03;-0.52,-0.68;-0.55,-1.31;-0.58,-1.93;-0.60,-2.54;-0.61,-3.13;-0.62,-3.70;-0.63,-4.26;-0.63,-4.79;-0.62,-5.31;-0.61,-5.81;-0.59,-6.28;-0.57,-6.74;-0.55,-7.18;-0.52,-7.59;-0.49,-7.98;-0.46,-8.37;:330:2:15:10:
Spawn:12,22.01
Auto:23.34:2;-24,-10,13.34;-33,-14,3.33;:7~5,4,34.41,-14.18,69.80,90.00,15.34;~0;~7,4,-18.50,-0.33,31.15,90.00,11.34;~23;-17.22,-1.09;-16.40,-1.55;-15.57,-2.01;-14.75,-2.46;-13.95,-2.89;-13.14,-3.31;-12.35,-3.72;-11.57,-4.12;-10.80,-4.51;-10.04,-4.90;-9.31,-5.26;-8.59,-5.62;-7.89,-5.97;-7.22,-6.31;-6.56,-6.63;-5.93,-6.94;-5.31,-7.24;-4.72,-7.53;-4.16,-7.81;-3.62,-8.07;-3.11,-8.32;-2.62,-8.56;-2.14,-8.79;~8,1,29.45,10.52,355.05,270.00,9.33;~18;26.78,10.68;24.59,10.73;22.05,10.75;19.23,10.76;16.26,10.74;13.27,10.70;10.37,10.65;7.67,10.58;5.23,10.51;3.09,10.45;1.26,10.38;-0.27,10.32;-1.50,10.27;-2.47,10.24;-3.24,10.21;-3.86,10.17;-4.29,10.12;-4.56,10.07;~9,3,4.17,-13.31,348.06,90.00,7.34;~20;5.65,-12.95;7.13,-12.52;8.57,-12.06;9.95,-11.52;11.24,-10.94;12.44,-10.30;13.53,-9.62;14.50,-8.92;15.36,-8.15;16.09,-7.36;16.71,-6.58;17.22,-5.82;17.63,-5.09;17.94,-4.42;18.18,-3.81;18.35,-3.27;18.45,-2.79;18.51,-2.37;18.52,-2.00;18.50,-1.70;~10,4,1.43,12.79,73.70,270.00,5.34;~37;1.24,12.12;1.14,11.69;1.02,11.23;0.91,10.74;0.80,10.22;0.69,9.68;0.58,9.11;0.47,8.52;0.37,7.91;0.27,7.29;0.17,6.65;0.08,6.00;0.00,5.34;-0.08,4.67;-0.16,4.00;-0.23,3.32;-0.29,2.64;-0.35,1.96;-0.40,1.29;-0.45,0.63;-0.49,-0.03;-0.52,-0.68;-0.55,-1.31;-0.58,-1.93;-0.60,-2.54;-0.61,-3.13;-0.62,-3.70;-0.63,-4.26;-0.63,-4.79;-0.62,-5.31;-0.61,-5.81;-0.59,-6.28;-0.57,-6.74;-0.55,-7.18;-0.52,-7.59;-0.49,-7.98;-0.46,-8.37;~11,3,32.89,-3.22,347.63,270.00,3.33;~0;~12,3,-37.70,-3.08,1.40,90.00,1.33;~0;~:4;20,-12,8.33;-25,19,8.33;11,7,8.33;8,0,8.33;:2;-20.98,0.00:3,-11.86,-2.61,343.42,270.00,19.33,0.00:50;-11.84,-2.62;-11.88,-2.61;-11.92,-2.60;-11.96,-2.59;-11.99,-2.59;-12.03,-2.58;-12.07,-2.57;-12.12,-2.55;-12.17,-2.54;-12.22,-2.53;-12.27,-2.51;-12.33,-2.50;-12.39,-2.48;-12.46,-2.46;-12.53,-2.44;-12.61,-2.41;-12.69,-2.39;-12.77,-2.37;-12.85,-2.34;-12.95,-2.32;-13.04,-2.29;-13.14,-2.26;-13.25,-2.23;-13.35,-2.20;-13.46,-2.16;-13.57,-2.13;-13.69,-2.10;-13.81,-2.06;-13.93,-2.02;-14.05,-1.99;-14.17,-1.95;-14.30,-1.91;-14.43,-1.87;-14.56,-1.83;-14.69,-1.78;-14.83,-1.74;-14.96,-1.70;-15.09,-1.66;-15.23,-1.62;-15.37,-1.57;-15.51,-1.53;-15.65,-1.48;-15.78,-1.44;-15.92,-1.39;-16.06,-1.35;-16.20,-1.30;-16.34,-1.26;-16.47,-1.21;-16.61,-1.17;-16.75,-1.12;:330:2:15:10:
Manual:23.86:2;-24,-10,13.86;-33,-14,3.85;:7~3,2,-12.27,-2.51,345.18,270.66,19.85;~38;-12.39,-2.48;-12.46,-2.46;-12.53,-2.44;-12.61,-2.41;-12.69,-2.39;-12.77,-2.37;-12.85,-2.34;-12.95,-2.32;-13.04,-2.29;-13.14,-2.26;-13.25,-2.23;-13.35,-2.20;-13.46,-2.16;-13.57,-2.13;-13.69,-2.10;-13.81,-2.06;-13.93,-2.02;-14.05,-1.99;-14.17,-1.95;-14.30,-1.91;-14.43,-1.87;-14.56,-1.83;-14.69,-1.78;-14.83,-1.74;-14.96,-1.70;-15.09,-1.66;-15.23,-1.62;-15.37,-1.57;-15.51,-1.53;-15.65,-1.48;-15.78,-1.44;-15.92,-1.39;-16.06,-1.35;-16.20,-1.30;-16.34,-1.26;-16.47,-1.21;-16.61,-1.17;-16.75,-1.12;~5,4,34.84,-15.35,69.80,90.00,15.86;~0;~7,4,-17.47,-0.94,30.16,90.00,11.86;~22;-16.40,-1.55;-15.57,-2.01;-14.75,-2.46;-13.95,-2.89;-13.14,-3.31;-12.35,-3.72;-11.57,-4.12;-10.80,-4.51;-10.04,-4.90;-9.31,-5.26;-8.59,-5.62;-7.89,-5.97;-7.22,-6.31;-6.56,-6.63;-5.93,-6.94;-5.31,-7.24;-4.72,-7.53;-4.16,-7.81;-3.62,-8.07;-3.11,-8.32;-2.62,-8.56;-2.14,-8.79;~8,1,28.30,10.61,356.54,270.00,9.85;~17;24.59,10.73;22.05,10.75;19.23,10.76;16.26,10.74;13.27,10.70;10.37,10.65;7.67,10.58;5.23,10.51;3.09,10.45;1.26,10.38;-0.27,10.32;-1.50,10.27;-2.47,10.24;-3.24,10.21;-3.86,10.17;-4.29,10.12;-4.56,10.07;~9,3,5.30,-13.03,346.09,90.00,7.85;~19;7.13,-12.52;8.57,-12.06;9.95,-11.52;11.24,-10.94;12.44,-10.30;13.53,-9.62;14.50,-8.92;15.36,-8.15;16.09,-7.36;16.71,-6.58;17.22,-5.82;17.63,-5.09;17.94,-4.42;18.18,-3.81;18.35,-3.27;18.45,-2.79;18.51,-2.37;18.52,-2.00;18.50,-1.70;~10,4,1.14,11.73,75.52,270.00,5.85;~35;1.02,11.23;0.91,10.74;0.80,10.22;0.69,9.68;0.58,9.11;0.47,8.52;0.37,7.91;0.27,7.29;0.17,6.65;0.08,6.00;0.00,5.34;-0.08,4.67;-0.16,4.00;-0.23,3.32;-0.29,2.64;-0.35,1.96;-0.40,1.29;-0.45,0.63;-0.49,-0.03;-0.52,-0.68;-0.55,-1.31;-0.58,-1.93;-0.60,-2.54;-0.61,-3.13;-0.62,-3.70;-0.63,-4.26;-0.63,-4.79;-0.62,-5.31;-0.61,-5.81;-0.59,-6.28;-0.57,-6.74;-0.55,-7.18;-0.52,-7.59;-0.49,-7.98;-0.46,-8.37;~12,3,-36.45,-3.11,1.40,90.00,1.85;~0;~:4;20,-12,8.84;-25,19,8.84;11,7,8.84;8,0,8.84;:3;20.13,0.00:11,32.79,-3.20,12.05,87.68,3.85,0.50:19;32.89,-3.22;32.60,-3.18;32.19,-3.12;31.59,-3.05;30.81,-2.96;29.84,-2.87;28.77,-2.76;27.65,-2.65;26.55,-2.54;25.50,-2.44;24.54,-2.33;23.67,-2.24;22.91,-2.15;22.27,-2.08;21.73,-2.02;21.30,-1.96;20.96,-1.92;20.69,-1.89;20.47,-1.87;:330:2:15:10:
Spawn:13,24.01
Collision:3,24.54
Collision:7,24.54
